## Roads of Kazan digitized in EasyTrace.
BEGPOLY			
481.903	215.484	0	0
478.718	124.182	0	0
481.518	113.574	0	0
481.679	113.415	0	0
510.324	85.161	0	0
506.641	76.025	0	0
530.068	74.847	0	0
530.658	55.377	0	0
ENDPOLY			
BEGPOLY			
481.518	113.574	0	0
445.867	92.405	0	0
413.636	68.021	0	0
ENDPOLY			
BEGPOLY			
506.641	76.025	0	0
488.618	57.13	0	0
455.308	18.307	0	0
437.43	4.813	0	0
412.578	0.098	0	0
ENDPOLY			
BEGPOLY			
530.068	74.847	0	0
568.664	74.427	0	0
568.98	74.423	0	0
594.52	74.62	0	0
617.572	95.195	0	0
627.722	93.165	0	0
657.722	73.117	0	0
642.726	59.815	0	0
670.099	36.624	0	0
684.186	50.778	0	0
657.722	73.117	0	0
ENDPOLY			
BEGPOLY			
642.726	59.815	0	0
623.76	42.191	0	0
ENDPOLY			
BEGPOLY			
670.099	36.624	0	0
625.162	0.147	0	0
ENDPOLY			
BEGPOLY			
568.664	74.427	0	0
566.452	36.099	0	0
559.085	10.756	0	0
558.938	0.295	0	0
ENDPOLY			
BEGPOLY			
568.664	74.427	0	0
568.282	117.93	0	0
629.785	121.859	0	0
662.801	156.163	0	0
692.477	141.724	0	0
645.021	104.178	0	0
627.722	93.165	0	0
ENDPOLY			
BEGPOLY			
692.477	141.724	0	0
702.775	137.376	0	0
722.111	180.97	0	0
698.929	188.655	0	0
711.306	237.89	0	0
ENDPOLY			
BEGPOLY			
722.111	180.97	0	0
743.939	234.272	0	0
765.625	287.228	0	0
776.449	313.662	0	0
747.865	326.775	0	0
740.29	306.552	0	0
722.817	259.906	0	0
ENDPOLY			
BEGPOLY			
740.29	306.552	0	0
714.22	305.404	0	0
711.175	278.565	0	0
ENDPOLY			
BEGPOLY			
714.22	305.404	0	0
721.489	335.484	0	0
737.402	374.897	0	0
760.487	362.461	0	0
747.865	326.775	0	0
ENDPOLY			
BEGPOLY			
760.487	362.461	0	0
791.388	348.863	0	0
776.449	313.662	0	0
ENDPOLY			
BEGPOLY			
776.449	313.662	0	0
805.311	301.706	0	0
821.225	335.421	0	0
791.388	348.863	0	0
ENDPOLY			
BEGPOLY			
765.625	287.228	0	0
795.039	275.339	0	0
805.311	301.706	0	0
ENDPOLY			
BEGPOLY			
795.039	275.339	0	0
771.703	222.965	0	0
760.404	197.606	0	0
ENDPOLY			
BEGPOLY			
771.703	222.965	0	0
743.939	234.272	0	0
ENDPOLY			
BEGPOLY			
568.282	117.93	0	0
566.935	142.035	0	0
592.72	194.612	0	0
616.517	224.204	0	0
640.976	226.414	0	0
661.679	206.375	0	0
662.801	156.163	0	0
ENDPOLY			
BEGPOLY			
640.976	226.414	0	0
655.842	237.707	0	0
666.196	256.707	0	0
669.662	266.565	0	0
675.721	283.799	0	0
681.468	321.614	0	0
704.011	360.955	0	0
724.412	392.535	0	0
737.402	374.897	0	0
ENDPOLY			
BEGPOLY			
669.662	266.565	0	0
657.301	272.037	0	0
ENDPOLY			
BEGPOLY			
724.412	392.535	0	0
708.541	411.746	0	0
680.505	387.179	0	0
665.509	371.257	0	0
ENDPOLY			
BEGPOLY			
708.541	411.746	0	0
694.935	430.068	0	0
684.064	436.289	0	0
680.783	437.206	0	0
651.244	402.131	0	0
640.193	378.998	0	0
602.326	338.061	0	0
ENDPOLY			
BEGPOLY			
680.783	437.206	0	0
715.826	479.925	0	0
763.493	453.845	0	0
743.16	414.971	0	0
ENDPOLY			
BEGPOLY			
763.493	453.845	0	0
803.475	432.031	0	0
781.374	393.451	0	0
ENDPOLY			
BEGPOLY			
803.475	432.031	0	0
828.599	432.15	0	0
829.335	488.092	0	0
875.937	486.738	0	0
ENDPOLY			
BEGPOLY			
829.335	488.092	0	0
830.675	533.011	0	0
877.64	533.109	0	0
ENDPOLY			
BEGPOLY			
830.675	533.011	0	0
830.675	567.436	0	0
881.274	568.32	0	0
880.194	611.268	0	0
803.16	611.661	0	0
796.963	597.984	0	0
783.121	567.436	0	0
756.687	567.141	0	0
756.682	592.752	0	0
727.705	590.788	0	0
698.421	536.619	0	0
680.631	547.129	0	0
ENDPOLY			
BEGPOLY			
698.421	536.619	0	0
687.488	517.294	0	0
ENDPOLY			
BEGPOLY			
698.421	536.619	0	0
733.836	515.518	0	0
671.663	478.562	0	0
656.634	463.828	0	0
644.847	474.731	0	0
646.762	494.181	0	0
ENDPOLY			
BEGPOLY			
656.634	463.828	0	0
680.783	437.206	0	0
ENDPOLY			
BEGPOLY			
795.039	275.339	0	0
814.734	287.987	0	0
848.536	318.166	0	0
849.322	324.354	0	0
864.639	328.33	0	0
937.098	347.141	0	0
938.328	347.46	0	0
925.755	360.721	0	0
894.42	362.686	0	0
895.304	433.183	0	0
870.297	432.796	0	0
828.599	432.15	0	0
828.627	371.958	0	0
ENDPOLY			
BEGPOLY			
870.297	432.796	0	0
869.658	386.743	0	0
859.733	380.398	0	0
ENDPOLY			
BEGPOLY			
895.304	433.183	0	0
957.236	433.466	0	0
955.567	367.706	0	0
971.971	368.099	0	0
984.555	391.205	0	0
1014.908	435.823	0	0
957.236	433.466	0	0
955.043	465.286	0	0
922.857	465.199	0	0
ENDPOLY			
BEGPOLY			
955.043	465.286	0	0
950.997	519.339	0	0
1024.094	519.405	0	0
1024.094	576.143	0	0
949.36	574.833	0	0
945.496	571.952	0	0
936.917	634.191	0	0
1009.163	640.412	0	0
1024.094	576.143	0	0
1049.074	545.287	0	0
1049.532	505.519	0	0
1075.537	489.728	0	0
1051.838	447.489	0	0
1004.327	362.813	0	0
1056.708	357.509	0	0
1078.588	431.106	0	0
1078.7	431.738	0	0
1087.871	483.73	0	0
1075.537	489.728	0	0
ENDPOLY			
BEGPOLY			
1051.838	447.489	0	0
1078.7	431.738	0	0
1118.756	430.963	0	0
ENDPOLY			
BEGPOLY			
733.836	515.518	0	0
740.491	512.192	0	0
715.826	479.925	0	0
ENDPOLY			
BEGPOLY			
740.491	512.192	0	0
756.844	532.438	0	0
756.687	567.141	0	0
ENDPOLY			
BEGPOLY			
756.682	592.752	0	0
756.67	597.341	0	0
756.532	647.221	0	0
820.588	646.632	0	0
828.545	677.105	0	0
830.018	686.339	0	0
757.711	686.83	0	0
758.398	719.857	0	0
831.59	722.313	0	0
833.075	771.079	0	0
874.527	789.078	0	0
881.906	750.157	0	0
ENDPOLY			
BEGPOLY			
874.527	789.078	0	0
872.203	809.719	0	0
ENDPOLY			
BEGPOLY			
758.398	719.857	0	0
759.218	751.844	0	0
833.075	771.079	0	0
ENDPOLY			
BEGPOLY			
759.218	751.844	0	0
740.48	751.59	0	0
739.169	792.241	0	0
733.834	824.889	0	0
723.55	887.818	0	0
745.504	891.502	0	0
758.251	827.874	0	0
733.834	824.889	0	0
ENDPOLY			
BEGPOLY			
758.251	827.874	0	0
814.053	837.082	0	0
840.869	852.406	0	0
861.645	818.665	0	0
886.178	828.389	0	0
889.273	870.382	0	0
885.511	876.851	0	0
863.34	914.979	0	0
819.652	888.899	0	0
840.869	852.406	0	0
ENDPOLY			
BEGPOLY			
840.869	852.406	0	0
885.511	876.851	0	0
ENDPOLY			
BEGPOLY			
819.652	888.899	0	0
789.653	871.353	0	0
ENDPOLY			
BEGPOLY			
863.34	914.979	0	0
851.733	933.316	0	0
838.099	925.62	0	0
782.237	894.081	0	0
ENDPOLY			
BEGPOLY			
838.099	925.62	0	0
788.053	1004.982	0	0
752.029	1062.109	0	0
764.554	1080.16	0	0
800.338	1021.739	0	0
814.118	999.243	0	0
851.733	933.316	0	0
ENDPOLY			
BEGPOLY			
752.029	1062.109	0	0
738.109	1044.84	0	0
730.901	1035.897	0	0
ENDPOLY			
BEGPOLY			
738.109	1044.84	0	0
769.92	978.298	0	0
ENDPOLY			
BEGPOLY			
678.318	936.737	0	0
692.599	937.616	0	0
716.655	939.098	0	0
734.123	940.175	0	0
769.92	978.298	0	0
788.053	1004.982	0	0
800.338	1021.739	0	0
820.765	1052.047	0	0
791.008	1094.929	0	0
783.635	1105.554	0	0
765.596	1081.547	0	0
764.554	1080.16	0	0
ENDPOLY			
BEGPOLY			
692.599	937.616	0	0
696.673	982.073	0	0
707.671	1043.112	0	0
718.722	1059.467	0	0
ENDPOLY			
BEGPOLY			
716.655	939.098	0	0
719.418	908.219	0	0
694.064	907.236	0	0
653.593	873.718	0	0
642.286	861.613	0	0
613.898	818.37	0	0
574.988	757.129	0	0
ENDPOLY			
BEGPOLY			
719.418	908.219	0	0
723.55	887.818	0	0
ENDPOLY			
BEGPOLY			
719.418	908.219	0	0
741.701	908.791	0	0
745.504	891.502	0	0
ENDPOLY			
BEGPOLY			
745.504	891.502	0	0
758.592	892.884	0	0
ENDPOLY			
BEGPOLY			
740.48	751.59	0	0
737.6	707.193	0	0
727.071	655.533	0	0
707.843	590.886	0	0
727.705	590.788	0	0
ENDPOLY			
BEGPOLY			
707.843	590.886	0	0
703.373	588.768	0	0
682.418	587.785	0	0
650.06	617.983	0	0
582.791	684.881	0	0
ENDPOLY			
BEGPOLY			
698.929	188.655	0	0
687.459	191.66	0	0
ENDPOLY			
BEGPOLY			
864.639	328.33	0	0
868.928	348.242	0	0
894.42	362.686	0	0
ENDPOLY			
BEGPOLY			
938.328	347.46	0	0
955.364	351.423	0	0
1004.327	362.813	0	0
ENDPOLY			
BEGPOLY			
955.567	367.706	0	0
955.364	351.423	0	0
ENDPOLY			
BEGPOLY			
1056.708	357.509	0	0
1053.157	330.852	0	0
1058.134	306.679	0	0
1066.718	285.578	0	0
1049.478	178.364	0	0
1038.87	136.792	0	0
1036.368	133.764	0	0
1010.494	102.453	0	0
980.517	66.176	0	0
971.46	55.216	0	0
960.952	41.622	0	0
929.46	0.884	0	0
ENDPOLY			
BEGPOLY			
1066.718	285.578	0	0
1077.043	296.57	0	0
1115.752	264.539	0	0
1135.013	256.344	0	0
1139.138	303.446	0	0
1166.781	304.176	0	0
1189.905	319.247	0	0
1214.404	356.452	0	0
1233.133	385.48	0	0
1186.434	413.657	0	0
1172.485	387.388	0	0
ENDPOLY			
BEGPOLY			
1186.434	413.657	0	0
1159.387	430.065	0	0
1170.978	432.684	0	0
1209.819	485.493	0	0
1214.599	493.658	0	0
1257.993	481.871	0	0
1275.821	500.289	0	0
1297.923	471.999	0	0
1287.307	473.104	0	0
1265.36	475.388	0	0
1257.993	481.871	0	0
ENDPOLY			
BEGPOLY			
1287.307	473.104	0	0
1267.654	439.13	0	0
1286.808	427.833	0	0
ENDPOLY			
BEGPOLY			
1267.654	439.13	0	0
1233.133	385.48	0	0
ENDPOLY			
BEGPOLY			
1297.923	471.999	0	0
1344.009	414.457	0	0
1348.134	411.068	0	0
1328.98	342.43	0	0
1295.163	239.339	0	0
1410.902	243.341	0	0
1491.279	248.056	0	0
1490.542	150.711	0	0
1485.733	122.138	0	0
1477.482	103.868	0	0
1586.885	69.413	0	0
1593.799	22.838	0	0
1595.42	0.295	0	0
ENDPOLY			
BEGPOLY			
1477.482	103.868	0	0
1459.007	75.591	0	0
1439.411	54.963	0	0
1439.705	38.309	0	0
1504.758	0.442	0	0
ENDPOLY			
BEGPOLY			
1477.482	103.868	0	0
1320.551	152.489	0	0
1287.84	175.769	0	0
1279.147	188.882	0	0
1264.485	180.042	0	0
1244.889	177.39	0	0
1144.768	171.496	0	0
1134.861	157.245	0	0
ENDPOLY			
BEGPOLY			
1144.768	171.496	0	0
1153.14	191.949	0	0
1153.882	218.83	0	0
1151.262	238.639	0	0
1141.265	252.866	0	0
1135.013	256.344	0	0
ENDPOLY			
BEGPOLY			
1139.138	303.446	0	0
1139.503	308.765	0	0
1141.298	334.915	0	0
1155.836	334.85	0	0
ENDPOLY			
BEGPOLY			
1139.503	308.765	0	0
1103.367	311.779	0	0
ENDPOLY			
BEGPOLY			
1141.298	334.915	0	0
1104.259	338.463	0	0
1116.467	377.985	0	0
1118.756	430.963	0	0
ENDPOLY			
BEGPOLY			
1103.367	311.779	0	0
1093.618	314.051	0	0
1104.259	338.463	0	0
ENDPOLY			
BEGPOLY			
1077.043	296.57	0	0
1093.618	314.051	0	0
ENDPOLY			
BEGPOLY			
960.952	41.622	0	0
935.486	58.824	0	0
ENDPOLY			
BEGPOLY			
960.952	41.622	0	0
978.901	26.897	0	0
978.999	26.816	0	0
957.634	0.589	0	0
ENDPOLY			
BEGPOLY			
978.999	26.816	0	0
999.389	50.737	0	0
980.517	66.176	0	0
ENDPOLY			
BEGPOLY			
978.999	26.816	0	0
1014.62	1.201	0	0
1033.332	23.493	0	0
999.389	50.737	0	0
ENDPOLY			
BEGPOLY			
1033.332	23.493	0	0
1052.919	47.04	0	0
1063.36	59.59	0	0
ENDPOLY			
BEGPOLY			
1052.919	47.04	0	0
1083.375	23.372	0	0
1064.509	0.178	0	0
ENDPOLY			
BEGPOLY			
1083.375	23.372	0	0
1105.058	51.509	0	0
ENDPOLY			
BEGPOLY			
1083.375	23.372	0	0
1116.424	0.267	0	0
ENDPOLY			
BEGPOLY			
999.389	50.737	0	0
1029.745	88.539	0	0
1057.219	67.448	0	0
ENDPOLY			
BEGPOLY			
1029.745	88.539	0	0
1010.494	102.453	0	0
ENDPOLY			
BEGPOLY			
1029.745	88.539	0	0
1055.179	118.892	0	0
1036.368	133.764	0	0
ENDPOLY			
BEGPOLY			
1055.179	118.892	0	0
1092.434	87.274	0	0
1078.552	68.564	0	0
ENDPOLY			
BEGPOLY			
1055.179	118.892	0	0
1072.465	143.03	0	0
1085.82	159.021	0	0
1087.896	178.928	0	0
ENDPOLY			
BEGPOLY			
881.274	568.32	0	0
945.496	571.952	0	0
ENDPOLY			
BEGPOLY			
945.496	571.952	0	0
950.997	519.339	0	0
ENDPOLY			
BEGPOLY			
936.917	634.191	0	0
924.074	721.707	0	0
896.348	720.955	0	0
ENDPOLY			
BEGPOLY			
924.074	721.707	0	0
902.886	874.884	0	0
889.273	870.382	0	0
ENDPOLY			
BEGPOLY			
902.886	874.884	0	0
935.906	896.341	0	0
968.186	833.74	0	0
952.2	828.799	0	0
ENDPOLY			
BEGPOLY			
968.186	833.74	0	0
1003.78	841.175	0	0
1036.088	840.981	0	0
1046.5	843.175	0	0
1046.612	843.299	0	0
1077.921	877.741	0	0
1025.25	924.073	0	0
991.879	953.878	0	0
1000.327	965.828	0	0
1010.687	980.483	0	0
1012.336	982.817	0	0
1015.03	986.627	0	0
1021.388	995.621	0	0
1041.394	1060.16	0	0
1044.556	1070.363	0	0
1058.961	1116.831	0	0
1060.39	1121.441	0	0
1103.216	1114.187	0	0
1121.885	1111.025	0	0
1154.342	1105.528	0	0
1192.254	1112.94	0	0
1192.102	1141.081	0	0
1191.98	1163.573	0	0
1191.818	1193.507	0	0
1069.763	1177.812	0	0
1060.39	1121.441	0	0
ENDPOLY			
BEGPOLY			
1103.216	1114.187	0	0
1088.647	1050.849	0	0
1044.556	1070.363	0	0
ENDPOLY			
BEGPOLY			
1088.647	1050.849	0	0
1111.708	1046.682	0	0
1121.885	1111.025	0	0
ENDPOLY			
BEGPOLY			
1111.708	1046.682	0	0
1137.729	1041.497	0	0
ENDPOLY			
BEGPOLY			
1111.708	1046.682	0	0
1107.737	1019.155	0	0
1154.047	1012.567	0	0
ENDPOLY			
BEGPOLY			
1107.737	1019.155	0	0
1118.278	989.814	0	0
1127.091	965.285	0	0
1173.448	981.27	0	0
ENDPOLY			
BEGPOLY			
1088.647	1050.849	0	0
1083.373	1022.777	0	0
1107.737	1019.155	0	0
ENDPOLY			
BEGPOLY			
1083.373	1022.777	0	0
1071.574	990.168	0	0
1118.278	989.814	0	0
ENDPOLY			
BEGPOLY			
1071.574	990.168	0	0
1051.524	983.407	0	0
1024.299	981.856	0	0
1015.03	986.627	0	0
ENDPOLY			
BEGPOLY			
1010.687	980.483	0	0
1048.736	954.151	0	0
1092.42	954.706	0	0
1114.776	916.093	0	0
1132.893	924.134	0	0
1162.562	892.185	0	0
1172.185	888.891	0	0
1178.515	888.375	0	0
ENDPOLY			
BEGPOLY			
1162.562	892.185	0	0
1152.42	878.468	0	0
1140.795	870.33	0	0
1151.006	853.656	0	0
ENDPOLY			
BEGPOLY			
1140.795	870.33	0	0
1115.357	853.271	0	0
1125.082	836.847	0	0
1135.647	819.003	0	0
1178.663	836.152	0	0
1205.359	841.989	0	0
1222.604	841.796	0	0
1230.58	842.691	0	0
1242.465	844.024	0	0
1265.957	856.522	0	0
1313.861	808.753	0	0
1345.759	776.944	0	0
1376.101	746.688	0	0
1427.566	695.367	0	0
1449.089	673.905	0	0
1398.388	623.101	0	0
1387.87	612.562	0	0
1343.205	567.808	0	0
1275.821	500.289	0	0
ENDPOLY			
BEGPOLY			
1214.599	493.658	0	0
1173.963	527.057	0	0
1204.627	532.87	0	0
1228.934	586.997	0	0
1240.883	577.438	0	0
1246.704	536.968	0	0
1275.821	500.289	0	0
ENDPOLY			
BEGPOLY			
1173.963	527.057	0	0
1143.539	516.147	0	0
1134.067	483.589	0	0
1124.388	450.322	0	0
1118.756	430.963	0	0
ENDPOLY			
BEGPOLY			
1087.871	483.73	0	0
1100.511	481.408	0	0
1134.067	483.589	0	0
ENDPOLY			
BEGPOLY			
1143.539	516.147	0	0
1133.244	549.74	0	0
1147.011	629.821	0	0
1228.934	586.997	0	0
ENDPOLY			
BEGPOLY			
1147.011	629.821	0	0
1147.184	644.196	0	0
1209.35	644.291	0	0
1257.222	638.624	0	0
1256.664	615.401	0	0
ENDPOLY			
BEGPOLY			
1257.222	638.624	0	0
1257.127	673.601	0	0
1321.182	679.267	0	0
1323.502	655.947	0	0
1326.778	610.224	0	0
1265.622	597.878	0	0
ENDPOLY			
BEGPOLY			
1326.778	610.224	0	0
1398.388	623.101	0	0
ENDPOLY			
BEGPOLY			
1398.388	623.101	0	0
1376.403	644.504	0	0
1373.559	685.76	0	0
1321.182	679.267	0	0
ENDPOLY			
BEGPOLY			
1373.559	685.76	0	0
1427.566	695.367	0	0
ENDPOLY			
BEGPOLY			
1373.559	685.76	0	0
1367.114	695.512	0	0
1355.052	705.104	0	0
1320.028	704.377	0	0
1317.448	743.906	0	0
1376.101	746.688	0	0
ENDPOLY			
BEGPOLY			
1317.448	743.906	0	0
1256.198	739.906	0	0
1257.127	673.601	0	0
ENDPOLY			
BEGPOLY			
1317.448	743.906	0	0
1313.861	808.753	0	0
ENDPOLY			
BEGPOLY			
1313.861	808.753	0	0
1302.197	789.839	0	0
1278.837	764.744	0	0
1244.74	753.521	0	0
1243.756	784.141	0	0
1218.305	782.984	0	0
1178.921	705.312	0	0
1156.681	691.233	0	0
1146.128	684.552	0	0
1147.184	644.196	0	0
ENDPOLY			
BEGPOLY			
1178.921	705.312	0	0
1212.622	734.925	0	0
1226.237	748.14	0	0
1244.74	753.521	0	0
ENDPOLY			
BEGPOLY			
1218.305	782.984	0	0
1153.362	778.393	0	0
1135.647	819.003	0	0
ENDPOLY			
BEGPOLY			
1153.362	778.393	0	0
1173.029	792.152	0	0
1230.58	842.691	0	0
ENDPOLY			
BEGPOLY			
1153.362	778.393	0	0
1156.332	746.778	0	0
1156.681	691.233	0	0
ENDPOLY			
BEGPOLY			
1146.128	684.552	0	0
1141.005	692.709	0	0
1064.381	814.706	0	0
1046.5	843.175	0	0
ENDPOLY			
BEGPOLY			
1135.647	819.003	0	0
1064.381	814.706	0	0
ENDPOLY			
BEGPOLY			
935.906	896.341	0	0
911.633	937.618	0	0
934.059	975.661	0	0
980.841	939.086	0	0
991.879	953.878	0	0
ENDPOLY			
BEGPOLY			
980.841	939.086	0	0
961.711	912.421	0	0
935.906	896.341	0	0
ENDPOLY			
BEGPOLY			
934.059	975.661	0	0
950.664	1006.957	0	0
1000.327	965.828	0	0
ENDPOLY			
BEGPOLY			
950.664	1006.957	0	0
939.878	1016.356	0	0
956.699	1033.029	0	0
971.352	1047.553	0	0
1014.666	1058.069	0	0
1041.394	1060.16	0	0
ENDPOLY			
BEGPOLY			
956.699	1033.029	0	0
1012.336	982.817	0	0
ENDPOLY			
BEGPOLY			
956.699	1033.029	0	0
928.793	1057.287	0	0
865.294	1112.484	0	0
885.85	1111.283	0	0
929.83	1125.299	0	0
967.803	1140.939	0	0
974.076	1202.631	0	0
980.733	1201.572	0	0
1003.443	1197.959	0	0
994.366	1148.147	0	0
981.633	1147.496	0	0
967.803	1140.939	0	0
ENDPOLY			
BEGPOLY			
994.366	1148.147	0	0
1003.475	1147.206	0	0
1004.542	1122.355	0	0
953.002	1100.058	0	0
928.793	1057.287	0	0
ENDPOLY			
BEGPOLY			
1004.542	1122.355	0	0
1003.044	1101.464	0	0
974.46	1077.025	0	0
ENDPOLY			
BEGPOLY			
939.878	1016.356	0	0
927.319	1027.562	0	0
853.404	1093.507	0	0
856.432	1098.34	0	0
865.294	1112.484	0	0
877.027	1129.382	0	0
878.876	1144.835	0	0
887.297	1215.223	0	0
907.091	1212.351	0	0
925.177	1209.727	0	0
940.844	1207.453	0	0
974.076	1202.631	0	0
ENDPOLY			
BEGPOLY			
1003.443	1197.959	0	0
1036.41	1183.389	0	0
1069.763	1177.812	0	0
ENDPOLY			
BEGPOLY			
1036.41	1183.389	0	0
1033.996	1175.322	0	0
1026.536	1121.163	0	0
1004.542	1122.355	0	0
ENDPOLY			
BEGPOLY			
1026.536	1121.163	0	0
1058.961	1116.831	0	0
ENDPOLY			
BEGPOLY			
1026.536	1121.163	0	0
1024.423	1104.942	0	0
1000.678	1076.303	0	0
ENDPOLY			
BEGPOLY			
820.765	1052.047	0	0
853.404	1093.507	0	0
ENDPOLY			
BEGPOLY			
856.432	1098.34	0	0
818.192	1129.054	0	0
846.934	1166.538	0	0
878.876	1144.835	0	0
ENDPOLY			
BEGPOLY			
846.934	1166.538	0	0
820.437	1184.862	0	0
835.729	1214.119	0	0
837.086	1223.032	0	0
864.609	1218.752	0	0
884.097	1215.721	0	0
887.297	1215.223	0	0
ENDPOLY			
BEGPOLY			
864.609	1218.752	0	0
856.886	1180.642	0	0
846.934	1166.538	0	0
ENDPOLY			
BEGPOLY			
820.437	1184.862	0	0
778.754	1213.833	0	0
777.107	1221.1	0	0
781.467	1234.277	0	0
821.299	1226.224	0	0
837.086	1223.032	0	0
ENDPOLY			
BEGPOLY			
781.467	1234.277	0	0
774.264	1250.633	0	0
791.382	1261.297	0	0
821.9	1284.694	0	0
827.859	1284.694	0	0
821.299	1226.224	0	0
ENDPOLY			
BEGPOLY			
827.859	1284.694	0	0
867.593	1284.026	0	0
867.952	1301.676	0	0
ENDPOLY			
BEGPOLY			
867.593	1284.026	0	0
885.139	1252.164	0	0
884.097	1215.721	0	0
ENDPOLY			
BEGPOLY			
907.119	1265.777	0	0
907.091	1212.351	0	0
ENDPOLY			
BEGPOLY			
929.03	1260.828	0	0
925.177	1209.727	0	0
ENDPOLY			
BEGPOLY			
943.653	1244.853	0	0
940.844	1207.453	0	0
ENDPOLY			
BEGPOLY			
941.27	1268.788	0	0
968.954	1264.428	0	0
982.195	1271.508	0	0
984.212	1272.586	0	0
1011.472	1287.163	0	0
1012.34	1287.627	0	0
1022.606	1293.116	0	0
1060.273	1313.257	0	0
ENDPOLY			
BEGPOLY			
1022.606	1293.116	0	0
1013.751	1305.004	0	0
ENDPOLY			
BEGPOLY			
984.212	1272.586	0	0
976.848	1283.503	0	0
ENDPOLY			
BEGPOLY			
1011.472	1287.163	0	0
1022.636	1269.299	0	0
ENDPOLY			
BEGPOLY			
982.195	1271.508	0	0
980.733	1201.572	0	0
ENDPOLY			
BEGPOLY			
1014.908	435.823	0	0
1024.089	461.757	0	0
1051.838	447.489	0	0
ENDPOLY			
BEGPOLY			
1024.089	461.757	0	0
1024.094	519.405	0	0
ENDPOLY			
BEGPOLY			
1024.089	461.757	0	0
955.043	465.286	0	0
ENDPOLY			
BEGPOLY			
756.67	597.341	0	0
796.963	597.984	0	0
ENDPOLY			
BEGPOLY			
803.16	611.661	0	0
820.588	646.632	0	0
ENDPOLY			
BEGPOLY			
830.018	686.339	0	0
831.59	722.313	0	0
ENDPOLY			
BEGPOLY			
830.018	686.339	0	0
878.974	685.368	0	0
891.651	685.116	0	0
ENDPOLY			
BEGPOLY			
878.974	685.368	0	0
880.194	611.268	0	0
ENDPOLY			
BEGPOLY			
936.917	634.191	0	0
904.729	629.947	0	0
ENDPOLY			
BEGPOLY			
1295.163	239.339	0	0
1279.147	188.882	0	0
ENDPOLY			
BEGPOLY			
1348.134	411.068	0	0
1464.967	317.774	0	0
1556.195	251.724	0	0
1491.279	248.056	0	0
ENDPOLY			
BEGPOLY			
1556.195	251.724	0	0
1571.332	228.18	0	0
1586.885	69.413	0	0
ENDPOLY			
BEGPOLY			
1571.332	228.18	0	0
1608.693	257.651	0	0
1632.708	289.395	0	0
1649.711	318.497	0	0
ENDPOLY			
BEGPOLY			
1343.205	567.808	0	0
1350.843	557.572	0	0
1387.319	526.472	0	0
1401.852	524.002	0	0
1445.292	531.704	0	0
1438.316	581.841	0	0
1461.713	585.329	0	0
1469.561	536.209	0	0
1552.82	550.451	0	0
1562.399	559.897	0	0
1508.641	613.506	0	0
1485.099	589.237	0	0
1461.713	585.329	0	0
ENDPOLY			
BEGPOLY			
1445.292	531.704	0	0
1469.561	536.209	0	0
ENDPOLY			
BEGPOLY			
1438.316	581.841	0	0
1424.621	581.305	0	0
1414.811	587.626	0	0
1387.87	612.562	0	0
ENDPOLY			
BEGPOLY			
1508.641	613.506	0	0
1564.224	668.233	0	0
1615.524	615.351	0	0
1562.399	559.897	0	0
ENDPOLY			
BEGPOLY			
1449.089	673.905	0	0
1508.641	613.506	0	0
ENDPOLY			
BEGPOLY			
1564.224	668.233	0	0
1579.025	682.76	0	0
1651.612	682.566	0	0
ENDPOLY			
BEGPOLY			
1615.524	615.351	0	0
1651.128	652.398	0	0
ENDPOLY			
BEGPOLY			
1564.224	668.233	0	0
1506.32	728.287	0	0
1449.089	673.905	0	0
ENDPOLY			
BEGPOLY			
1579.025	682.76	0	0
1604.43	709.727	0	0
1603.213	819.973	0	0
1602.59	876.371	0	0
1614.894	877.049	0	0
1625.842	893.132	0	0
1627.779	902.046	0	0
1632.042	941.672	0	0
1601.33	941.381	0	0
1602.59	876.371	0	0
ENDPOLY			
BEGPOLY			
1602.59	876.371	0	0
1518.592	874.747	0	0
1518.592	819.037	0	0
1518.592	750.047	0	0
1515.769	738.177	0	0
1509.871	732.004	0	0
1506.32	728.287	0	0
ENDPOLY			
BEGPOLY			
1509.871	732.004	0	0
1488.019	753.65	0	0
1441.469	751.712	0	0
1440.306	781.941	0	0
1345.759	776.944	0	0
ENDPOLY			
BEGPOLY			
1440.306	781.941	0	0
1445.597	791.547	0	0
1437.517	801.095	0	0
1403.366	841.915	0	0
1377.207	815.984	0	0
1369.517	808.361	0	0
ENDPOLY			
BEGPOLY			
1403.366	841.915	0	0
1421.573	861.805	0	0
1428.754	870.401	0	0
1437.861	889.583	0	0
1444.061	894.718	0	0
1508.922	876.31	0	0
1518.592	874.747	0	0
ENDPOLY			
BEGPOLY			
1376.101	746.688	0	0
1441.469	751.712	0	0
ENDPOLY			
BEGPOLY			
1320.028	704.377	0	0
1321.182	679.267	0	0
ENDPOLY			
BEGPOLY			
1159.387	430.065	0	0
1124.388	450.322	0	0
ENDPOLY			
BEGPOLY			
757.711	686.83	0	0
756.532	647.221	0	0
ENDPOLY			
BEGPOLY			
911.633	937.618	0	0
907.265	948.179	0	0
911.27	1007.235	0	0
927.319	1027.562	0	0
ENDPOLY			
BEGPOLY			
1048.736	954.151	0	0
1081.189	903.584	0	0
1089.791	889.564	0	0
1077.921	877.741	0	0
ENDPOLY			
BEGPOLY			
1089.791	889.564	0	0
1115.357	853.271	0	0
ENDPOLY			
BEGPOLY			
1046.5	843.175	0	0
1058.45	839.957	0	0
1125.082	836.847	0	0
ENDPOLY			
BEGPOLY			
1243.756	784.141	0	0
1242.465	844.024	0	0
ENDPOLY			
BEGPOLY			
1603.213	819.973	0	0
1518.592	819.037	0	0
ENDPOLY			
BEGPOLY			
1518.592	874.747	0	0
1518.301	939.308	0	0
1518.084	987.305	0	0
1517.771	1056.845	0	0
1517.19	1185.698	0	0
1510.983	1207.122	0	0
1499.313	1226.803	0	0
1483.952	1252.707	0	0
1468.572	1269.228	0	0
1467.167	1270.736	0	0
1456.426	1282.274	0	0
1455.186	1284.2	0	0
1418.784	1340.74	0	0
1391.353	1381.519	0	0
1359.52	1360.23	0	0
1358.42	1359.494	0	0
1340.746	1342.714	0	0
1324.617	1327.401	0	0
1322.78	1325.656	0	0
1290.392	1295.376	0	0
1288.264	1293.385	0	0
1265.44	1272.047	0	0
1261.816	1268.659	0	0
1254.029	1260.298	0	0
1251.544	1257.63	0	0
1229.247	1233.691	0	0
1225.797	1229.988	0	0
1222.112	1226.031	0	0
1191.818	1193.507	0	0
ENDPOLY			
BEGPOLY			
1359.52	1360.23	0	0
1393.472	1318.987	0	0
ENDPOLY			
BEGPOLY			
1367.043	1309.999	0	0
1340.746	1342.714	0	0
ENDPOLY			
BEGPOLY			
1324.617	1327.401	0	0
1369.673	1274.061	0	0
1322.687	1255.217	0	0
1288.264	1293.385	0	0
ENDPOLY			
BEGPOLY			
1369.673	1274.061	0	0
1378.845	1246.228	0	0
1420.914	1267.322	0	0
1455.186	1284.2	0	0
ENDPOLY			
BEGPOLY			
1378.845	1246.228	0	0
1392.969	1207.207	0	0
1405.583	1202.802	0	0
1417.197	1202.601	0	0
1420.2	1213.614	0	0
1437.82	1243.047	0	0
1468.572	1269.228	0	0
ENDPOLY			
BEGPOLY			
1417.197	1202.601	0	0
1452.641	1210.2	0	0
1499.313	1226.803	0	0
ENDPOLY			
BEGPOLY			
1392.969	1207.207	0	0
1374.929	1208.962	0	0
1355.05	1218.514	0	0
1344.46	1230.524	0	0
1331.783	1244.901	0	0
1322.687	1255.217	0	0
ENDPOLY			
BEGPOLY			
1378.845	1246.228	0	0
1344.46	1230.524	0	0
ENDPOLY			
BEGPOLY			
1331.783	1244.901	0	0
1312.581	1226.716	0	0
1303.015	1217.656	0	0
1294.028	1209.146	0	0
1278.648	1194.58	0	0
1274.034	1190.211	0	0
ENDPOLY			
BEGPOLY			
1312.581	1226.716	0	0
1324.246	1211.245	0	0
ENDPOLY			
BEGPOLY			
1294.028	1209.146	0	0
1312.421	1190.12	0	0
ENDPOLY			
BEGPOLY			
1251.544	1257.63	0	0
1303.015	1217.656	0	0
ENDPOLY			
BEGPOLY			
1229.247	1233.691	0	0
1278.648	1194.58	0	0
ENDPOLY			
BEGPOLY			
1222.112	1226.031	0	0
1225.362	1203.347	0	0
1252.326	1181.188	0	0
ENDPOLY			
BEGPOLY			
1225.362	1203.347	0	0
1225.594	1163.222	0	0
1246.151	1162.688	0	0
ENDPOLY			
BEGPOLY			
1225.594	1163.222	0	0
1191.98	1163.573	0	0
ENDPOLY			
BEGPOLY			
1225.594	1163.222	0	0
1225.773	1140.704	0	0
1249.918	1140.23	0	0
ENDPOLY			
BEGPOLY			
1225.773	1140.704	0	0
1192.102	1141.081	0	0
ENDPOLY			
BEGPOLY			
1192.254	1112.94	0	0
1215.313	1105.358	0	0
1225.773	1140.704	0	0
ENDPOLY			
BEGPOLY			
1215.313	1105.358	0	0
1245.747	1092.626	0	0
1231.331	1063.998	0	0
1275.888	1045.844	0	0
1288.881	1047.535	0	0
1301.428	1065.065	0	0
1245.747	1092.626	0	0
ENDPOLY			
BEGPOLY			
1301.428	1065.065	0	0
1319.677	1052.721	0	0
1331.958	1000.543	0	0
1361.389	990.576	0	0
1372.691	945.873	0	0
1306.334	931.124	0	0
1291.503	988.116	0	0
1331.958	1000.543	0	0
ENDPOLY			
BEGPOLY			
1306.334	931.124	0	0
1295.679	921.092	0	0
1307.426	904.092	0	0
1314.723	894.864	0	0
1297.103	882.88	0	0
1276.807	910.143	0	0
1247.908	882.761	0	0
1265.957	856.522	0	0
ENDPOLY			
BEGPOLY			
1265.957	856.522	0	0
1297.103	882.88	0	0
ENDPOLY			
BEGPOLY			
1314.723	894.864	0	0
1377.207	815.984	0	0
ENDPOLY			
BEGPOLY			
1335.086	869.157	0	0
1386.969	897.766	0	0
1424.811	923.996	0	0
1444.061	894.718	0	0
ENDPOLY			
BEGPOLY			
1141.005	692.709	0	0
1117.292	676.118	0	0
1117.97	651.545	0	0
1119.032	626.153	0	0
ENDPOLY			
BEGPOLY			
1117.292	676.118	0	0
1090.625	655.192	0	0
ENDPOLY			
BEGPOLY			
1601.33	941.381	0	0
1518.301	939.308	0	0
ENDPOLY			
BEGPOLY			
1518.084	987.305	0	0
1600.271	989.521	0	0
1601.33	941.381	0	0
ENDPOLY			
BEGPOLY			
1632.042	941.672	0	0
1647.654	1066.563	0	0
1627.534	1106.273	0	0
1651.565	1118.447	0	0
ENDPOLY			
BEGPOLY			
1627.534	1106.273	0	0
1610.761	1140.107	0	0
1620.515	1147.343	0	0
1624.668	1157.87	0	0
1635.002	1228.26	0	0
1651.517	1230.087	0	0
ENDPOLY			
BEGPOLY			
1610.761	1140.107	0	0
1594.343	1173.229	0	0
1593.474	1184.384	0	0
1609.119	1225.79	0	0
1635.002	1228.26	0	0
ENDPOLY			
BEGPOLY			
1609.119	1225.79	0	0
1571.584	1226.136	0	0
1557.441	1226.267	0	0
1516.4	1226.645	0	0
1499.313	1226.803	0	0
ENDPOLY			
BEGPOLY			
1571.584	1226.136	0	0
1581.899	1245.468	0	0
1599.191	1273.928	0	0
1570.8	1289.258	0	0
1569.193	1312.707	0	0
1552.355	1392.858	0	0
1562.723	1392.68	0	0
1609.08	1378.773	0	0
1651.855	1350.523	0	0
ENDPOLY			
BEGPOLY			
1552.355	1392.858	0	0
1543.719	1391.066	0	0
1537.979	1385.18	0	0
1520.437	1347.676	0	0
1505.95	1307.719	0	0
1487.841	1289.755	0	0
ENDPOLY			
BEGPOLY			
1487.841	1289.755	0	0
1486.25	1288.291	0	0
1485.479	1287.582	0	0
1467.167	1270.736	0	0
ENDPOLY			
BEGPOLY			
1485.479	1287.582	0	0
1533.846	1277.416	0	0
1540.22	1287.557	0	0
1549.926	1291.034	0	0
1570.8	1289.258	0	0
ENDPOLY			
BEGPOLY			
1533.846	1277.416	0	0
1516.4	1226.645	0	0
ENDPOLY			
BEGPOLY			
1570.8	1289.258	0	0
1557.441	1226.267	0	0
ENDPOLY			
BEGPOLY			
1517.771	1056.845	0	0
1558.434	1057.086	0	0
1589.871	1031.589	0	0
1596.95	1017.852	0	0
1600.271	989.521	0	0
ENDPOLY			
BEGPOLY			
1424.811	923.996	0	0
1444.958	936.126	0	0
ENDPOLY			
BEGPOLY			
1424.811	923.996	0	0
1382.398	987.398	0	0
1361.389	990.576	0	0
ENDPOLY			
BEGPOLY			
1382.398	987.398	0	0
1399.96	984.99	0	0
1417.441	983.252	0	0
ENDPOLY			
BEGPOLY			
1231.331	1063.998	0	0
1190.099	1079.593	0	0
1192.254	1112.94	0	0
ENDPOLY			
BEGPOLY			
1190.099	1079.593	0	0
1188.773	1046.358	0	0
1191.137	1038.589	0	0
1206.338	988.644	0	0
1207.541	984.689	0	0
1214.096	963.15	0	0
1227.178	920.166	0	0
1247.908	882.761	0	0
ENDPOLY			
BEGPOLY			
1276.807	910.143	0	0
1235.31	970.118	0	0
1291.503	988.116	0	0
ENDPOLY			
BEGPOLY			
1291.503	988.116	0	0
1276.186	1010.624	0	0
1268.508	1015.115	0	0
1243.88	1014.825	0	0
1238.304	1031.894	0	0
1232.075	1034.356	0	0
1191.137	1038.589	0	0
ENDPOLY			
BEGPOLY			
1207.541	984.689	0	0
1241.805	999.684	0	0
1245.064	1007.478	0	0
1243.88	1014.825	0	0
ENDPOLY			
BEGPOLY			
1206.338	988.644	0	0
1176.15	996.379	0	0
ENDPOLY			
BEGPOLY			
1132.893	924.134	0	0
1181.711	949.254	0	0
ENDPOLY			
BEGPOLY			
1132.893	924.134	0	0
1112.824	960.093	0	0
1127.091	965.285	0	0
ENDPOLY			
BEGPOLY			
1092.42	954.706	0	0
1112.824	960.093	0	0
ENDPOLY			
BEGPOLY			
1225.797	1229.988	0	0
1170.163	1246.03	0	0
ENDPOLY			
BEGPOLY			
1254.029	1260.298	0	0
1216.875	1288.958	0	0
1204.32	1278.72	0	0
1195.338	1278.527	0	0
ENDPOLY			
BEGPOLY			
1216.875	1288.958	0	0
1191.883	1310.694	0	0
ENDPOLY			
BEGPOLY			
1265.44	1272.047	0	0
1238.01	1298.325	0	0
1223.234	1339.75	0	0
ENDPOLY			
BEGPOLY			
1290.392	1295.376	0	0
1266.678	1376.342	0	0
1310.49	1389.605	0	0
1324.617	1327.401	0	0
ENDPOLY			
BEGPOLY			
1310.49	1389.605	0	0
1303.994	1421.247	0	0
1306.397	1429.456	0	0
1363.582	1407.395	0	0
1375.77	1402.692	0	0
1389.684	1383.786	0	0
1391.353	1381.519	0	0
ENDPOLY			
BEGPOLY			
1389.684	1383.786	0	0
1415.1	1404.898	0	0
1418.276	1407.536	0	0
1461.135	1443.138	0	0
1478.776	1460.188	0	0
1496.283	1463.303	0	0
1523.958	1466.417	0	0
1539.418	1484.853	0	0
1556.504	1510.675	0	0
1563.891	1512.989	0	0
1586.031	1472.342	0	0
ENDPOLY			
BEGPOLY			
1563.891	1512.989	0	0
1588.481	1551.122	0	0
1620.364	1533.102	0	0
1563.891	1512.989	0	0
ENDPOLY			
BEGPOLY			
1588.481	1551.122	0	0
1601.81	1570.077	0	0
1645.059	1549.238	0	0
1645.326	1540.428	0	0
1620.364	1533.102	0	0
ENDPOLY			
BEGPOLY			
1645.059	1549.238	0	0
1645.237	1577.499	0	0
1615.336	1591.203	0	0
1601.81	1570.077	0	0
ENDPOLY			
BEGPOLY			
1645.237	1577.499	0	0
1645.316	1590.785	0	0
1622.812	1602.22	0	0
1615.336	1591.203	0	0
ENDPOLY			
BEGPOLY			
1622.812	1602.22	0	0
1563.658	1631.808	0	0
1578.519	1663.325	0	0
1588.308	1676.673	0	0
1617.085	1679.524	0	0
1617.205	1679.536	0	0
1651.644	1679.447	0	0
ENDPOLY			
BEGPOLY			
1617.085	1679.524	0	0
1598.784	1734.008	0	0
1594.691	1746.66	0	0
1651.377	1769.99	0	0
ENDPOLY			
BEGPOLY			
1594.691	1746.66	0	0
1583.042	1778.795	0	0
1537.703	1754.768	0	0
1564.396	1677.454	0	0
1588.308	1676.673	0	0
ENDPOLY			
BEGPOLY			
1564.396	1677.454	0	0
1498.319	1675.531	0	0
ENDPOLY			
BEGPOLY			
1537.703	1754.768	0	0
1527.522	1783.366	0	0
1574.484	1801.431	0	0
1583.042	1778.795	0	0
ENDPOLY			
BEGPOLY			
1574.484	1801.431	0	0
1564.285	1836.7	0	0
1540.436	1827.922	0	0
1514.664	1818.435	0	0
1527.522	1783.366	0	0
ENDPOLY			
BEGPOLY			
1527.522	1783.366	0	0
1509.269	1775.489	0	0
ENDPOLY			
BEGPOLY			
1514.664	1818.435	0	0
1512.506	1817.706	0	0
1394.981	1778.059	0	0
1414.202	1810.652	0	0
1421.059	1835.332	0	0
1427.146	1857.247	0	0
1457.831	1967.704	0	0
1496.575	2011.403	0	0
1508.024	2018.582	0	0
1520.683	2026.52	0	0
1539.395	2038.252	0	0
1566.391	2055.18	0	0
1573.612	2059.707	0	0
1590.899	2066.927	0	0
1595.87	2069.004	0	0
1602.229	2071.659	0	0
1603.584	2072.225	0	0
1634.799	2085.262	0	0
1650.198	2091.693	0	0
ENDPOLY			
BEGPOLY			
1512.506	1817.706	0	0
1505.601	1840.466	0	0
1532.475	1849.454	0	0
1540.436	1827.922	0	0
ENDPOLY			
BEGPOLY			
1564.285	1836.7	0	0
1558.436	1857.122	0	0
1560.152	1857.684	0	0
1597.923	1870.041	0	0
1608.958	1882.766	0	0
1651.555	1895.863	0	0
ENDPOLY			
BEGPOLY			
1560.152	1857.684	0	0
1553.032	1885.465	0	0
1614.945	1904.686	0	0
1647.995	1979.685	0	0
1651.6	1972.076	0	0
ENDPOLY			
BEGPOLY			
1647.995	1979.685	0	0
1638.563	2000.723	0	0
1651.644	2004.016	0	0
ENDPOLY			
BEGPOLY			
1638.563	2000.723	0	0
1603.584	2072.225	0	0
ENDPOLY			
BEGPOLY			
1508.024	2018.582	0	0
1525.699	1984.166	0	0
1536.77	1962.61	0	0
ENDPOLY			
BEGPOLY			
1520.683	2026.52	0	0
1543.614	2004.887	0	0
1525.699	1984.166	0	0
ENDPOLY			
BEGPOLY			
1543.614	2004.887	0	0
1559.92	2026.608	0	0
1566.391	2055.18	0	0
ENDPOLY			
BEGPOLY			
1559.92	2026.608	0	0
1585.261	2009.482	0	0
1589.302	2018.823	0	0
1590.899	2066.927	0	0
ENDPOLY			
BEGPOLY			
1585.261	2009.482	0	0
1574.52	1993.653	0	0
ENDPOLY			
BEGPOLY			
1585.261	2009.482	0	0
1607.635	1991.941	0	0
ENDPOLY			
BEGPOLY			
1595.87	2069.004	0	0
1562.052	2094.481	0	0
1546.772	2105.992	0	0
1527.418	2120.573	0	0
1522.108	2124.574	0	0
ENDPOLY			
BEGPOLY			
1562.052	2094.481	0	0
1542.287	2068.023	0	0
ENDPOLY			
BEGPOLY			
1546.772	2105.992	0	0
1510.715	2057.417	0	0
1479.712	2015.65	0	0
1457.831	1967.704	0	0
ENDPOLY			
BEGPOLY			
1539.395	2038.252	0	0
1510.715	2057.417	0	0
1489.545	2071.075	0	0
1527.418	2120.573	0	0
ENDPOLY			
BEGPOLY			
1489.545	2071.075	0	0
1450.887	2021.948	0	0
ENDPOLY			
BEGPOLY			
1562.052	2094.481	0	0
1592.942	2134.93	0	0
1550.987	2161.03	0	0
ENDPOLY			
BEGPOLY			
1592.942	2134.93	0	0
1596.761	2113.658	0	0
1597.405	2110.067	0	0
1602.229	2071.659	0	0
ENDPOLY			
BEGPOLY			
1596.761	2113.658	0	0
1629.441	2119.746	0	0
1634.799	2085.262	0	0
ENDPOLY			
BEGPOLY			
1592.942	2134.93	0	0
1611.821	2162.888	0	0
1624.235	2149.006	0	0
1629.441	2119.746	0	0
ENDPOLY			
BEGPOLY			
1611.821	2162.888	0	0
1574.134	2191.1	0	0
ENDPOLY			
BEGPOLY			
1611.821	2162.888	0	0
1628.062	2184.737	0	0
1623.345	2214.207	0	0
1626.994	2241.453	0	0
1642.567	2266.118	0	0
1649.864	2261.046	0	0
ENDPOLY			
BEGPOLY			
1642.567	2266.118	0	0
1626.413	2275.623	0	0
1604.789	2288.346	0	0
1577.819	2304.214	0	0
1547.657	2321.961	0	0
1516.542	2340.269	0	0
1497.587	2359.525	0	0
ENDPOLY			
BEGPOLY			
1604.789	2288.346	0	0
1651.6	2322.358	0	0
ENDPOLY			
BEGPOLY			
1577.819	2304.214	0	0
1590.226	2261.437	0	0
1626.413	2275.623	0	0
ENDPOLY			
BEGPOLY			
1547.657	2321.961	0	0
1524.157	2246.866	0	0
1515.899	2240.825	0	0
1507.338	2234.563	0	0
1489.913	2225.604	0	0
1470.166	2215.452	0	0
1465.36	2206.509	0	0
1467.959	2177.312	0	0
1468.297	2173.515	0	0
1473.636	2160.301	0	0
1488.586	2146.285	0	0
1496.462	2138.676	0	0
1497.53	2115.694	0	0
1504.071	2111.423	0	0
ENDPOLY			
BEGPOLY			
1497.53	2115.694	0	0
1474.261	2128.083	0	0
ENDPOLY			
BEGPOLY			
1467.959	2177.312	0	0
1489.438	2183.087	0	0
ENDPOLY			
BEGPOLY			
1489.913	2225.604	0	0
1515.892	2179.576	0	0
1535.978	2160.332	0	0
ENDPOLY			
BEGPOLY			
1515.899	2240.825	0	0
1539.818	2189.884	0	0
ENDPOLY			
BEGPOLY			
1524.157	2246.866	0	0
1550.143	2247.095	0	0
1590.226	2261.437	0	0
ENDPOLY			
BEGPOLY			
1467.959	2177.312	0	0
1446.887	2174.942	0	0
1429.801	2164.515	0	0
1411.226	2163.981	0	0
1388.534	2157.574	0	0
1370.315	2147.429	0	0
1365.777	2143.158	0	0
1353.229	2144.492	0	0
1317.461	2167.503	0	0
1295.392	2167.681	0	0
1295.214	2195.55	0	0
1332.144	2197.33	0	0
1345.469	2207.207	0	0
1363.896	2278.36	0	0
1380.448	2278.494	0	0
ENDPOLY			
BEGPOLY			
1363.896	2278.36	0	0
1333.726	2284.232	0	0
1356.507	2320.999	0	0
1373.658	2359.377	0	0
ENDPOLY			
BEGPOLY			
1333.726	2284.232	0	0
1330.156	2278.425	0	0
1323.165	2219.475	0	0
1297.676	2204.59	0	0
1295.214	2195.55	0	0
ENDPOLY			
BEGPOLY			
1295.392	2167.681	0	0
1298.071	2130.197	0	0
1257.359	2109.64	0	0
ENDPOLY			
BEGPOLY			
1298.071	2130.197	0	0
1316.222	2077.603	0	0
ENDPOLY			
BEGPOLY			
1553.032	1885.465	0	0
1544.603	1916.385	0	0
1536.794	1920.189	0	0
1515.57	1915.784	0	0
ENDPOLY			
BEGPOLY			
1532.475	1849.454	0	0
1558.436	1857.122	0	0
ENDPOLY			
BEGPOLY			
1532.475	1849.454	0	0
1523.79	1874.99	0	0
1553.032	1885.465	0	0
ENDPOLY			
BEGPOLY			
1523.79	1874.99	0	0
1497.579	1866.689	0	0
1505.601	1840.466	0	0
ENDPOLY			
BEGPOLY			
1497.579	1866.689	0	0
1462.655	1856.367	0	0
1427.146	1857.247	0	0
ENDPOLY			
BEGPOLY			
1505.601	1840.466	0	0
1465.95	1828.399	0	0
1421.059	1835.332	0	0
ENDPOLY			
BEGPOLY			
1537.703	1754.768	0	0
1403.654	1688.67	0	0
1357.324	1710.41	0	0
1359.272	1713.909	0	0
1393.918	1776.149	0	0
1394.981	1778.059	0	0
ENDPOLY			
BEGPOLY			
1359.272	1713.909	0	0
1415.94	1714.763	0	0
ENDPOLY			
BEGPOLY			
1393.918	1776.149	0	0
1361.166	1809.673	0	0
ENDPOLY			
BEGPOLY			
1357.324	1710.41	0	0
1344.608	1686.949	0	0
1339.058	1676.709	0	0
1333.202	1665.905	0	0
1323.791	1618.718	0	0
1303.085	1567.036	0	0
1278.486	1505.637	0	0
1256.977	1451.952	0	0
1254.683	1446.227	0	0
1306.397	1429.456	0	0
ENDPOLY			
BEGPOLY			
1254.683	1446.227	0	0
1250.526	1435.314	0	0
1266.678	1376.342	0	0
ENDPOLY			
BEGPOLY			
1256.977	1451.952	0	0
1238.523	1474.288	0	0
1223.416	1492.573	0	0
1221.399	1498.354	0	0
1211.002	1528.147	0	0
1187.576	1541.762	0	0
1146.234	1553.375	0	0
1115.8	1549.972	0	0
1063.045	1577.536	0	0
1033.35	1584.135	0	0
1028.807	1585.145	0	0
1028.718	1589.107	0	0
1027.699	1634.947	0	0
1026.604	1684.19	0	0
937.517	1684.028	0	0
893.119	1683.947	0	0
851.118	1683.871	0	0
749.207	1683.685	0	0
736.669	1683.663	0	0
719.155	1683.631	0	0
718.448	1625.846	0	0
717.847	1576.704	0	0
674.117	1574.233	0	0
659.875	1623.628	0	0
584.173	1604.606	0	0
617.203	1556.205	0	0
618.179	1554.776	0	0
644.761	1500.877	0	0
695.77	1476.026	0	0
698.576	1470.136	0	0
721.92	1421.129	0	0
729.328	1405.576	0	0
729.277	1399.987	0	0
728.949	1364.441	0	0
728.02	1263.497	0	0
733.068	1265.624	0	0
760.545	1277.205	0	0
774.264	1250.633	0	0
ENDPOLY			
BEGPOLY			
1114.776	916.093	0	0
1140.795	870.33	0	0
ENDPOLY			
BEGPOLY			
1235.31	970.118	0	0
1214.096	963.15	0	0
ENDPOLY			
BEGPOLY			
861.645	818.665	0	0
844.076	812.128	0	0
ENDPOLY			
BEGPOLY			
765.596	1081.547	0	0
737.517	1119.104	0	0
758.759	1142.873	0	0
767.752	1129.382	0	0
783.635	1105.554	0	0
ENDPOLY			
BEGPOLY			
737.517	1119.104	0	0
714.807	1151.689	0	0
688.937	1188.81	0	0
718.217	1201.556	0	0
741.521	1167.825	0	0
758.759	1142.873	0	0
ENDPOLY			
BEGPOLY			
714.807	1151.689	0	0
741.521	1167.825	0	0
ENDPOLY			
BEGPOLY			
718.217	1201.556	0	0
728.02	1263.497	0	0
ENDPOLY			
BEGPOLY			
728.02	1263.497	0	0
716.083	1257.843	0	0
656.466	1207.737	0	0
688.937	1188.81	0	0
ENDPOLY			
BEGPOLY			
656.466	1207.737	0	0
513.993	1261.7	0	0
546.235	1303.698	0	0
559.05	1304.699	0	0
635.052	1322.131	0	0
728.949	1364.441	0	0
ENDPOLY			
BEGPOLY			
729.328	1405.576	0	0
691.792	1397.254	0	0
684.584	1411.27	0	0
721.92	1421.129	0	0
ENDPOLY			
BEGPOLY			
684.584	1411.27	0	0
684.359	1411.781	0	0
665.323	1455.152	0	0
698.576	1470.136	0	0
ENDPOLY			
BEGPOLY			
665.323	1455.152	0	0
644.761	1500.877	0	0
ENDPOLY			
BEGPOLY			
665.323	1455.152	0	0
649.257	1447.259	0	0
622.279	1434.006	0	0
608.797	1419.723	0	0
575.496	1433.205	0	0
578.299	1446.42	0	0
611.403	1445.619	0	0
622.279	1434.006	0	0
ENDPOLY			
BEGPOLY			
578.299	1446.42	0	0
554.133	1446.614	0	0
484.89	1447.171	0	0
506.201	1416.649	0	0
527.779	1385.743	0	0
548.406	1356.199	0	0
623.586	1356.8	0	0
663.431	1350.793	0	0
691.792	1397.254	0	0
ENDPOLY			
BEGPOLY			
548.406	1356.199	0	0
546.235	1303.698	0	0
ENDPOLY			
BEGPOLY			
506.201	1416.649	0	0
542.807	1437.788	0	0
562.271	1405.93	0	0
570.102	1412.871	0	0
575.496	1433.205	0	0
ENDPOLY			
BEGPOLY			
562.271	1405.93	0	0
527.779	1385.743	0	0
ENDPOLY			
BEGPOLY			
562.271	1405.93	0	0
577.964	1379.904	0	0
584.638	1374.698	0	0
624.613	1370.026	0	0
ENDPOLY			
BEGPOLY			
684.359	1411.781	0	0
671.784	1405.978	0	0
660.044	1395.216	0	0
653.103	1380.533	0	0
ENDPOLY			
BEGPOLY			
729.277	1399.987	0	0
756.382	1430.955	0	0
792.577	1460.782	0	0
809.727	1472.454	0	0
853.715	1482.486	0	0
853.315	1534.167	0	0
939.51	1536.287	0	0
940.143	1536.303	0	0
940.677	1485.423	0	0
1029.24	1488.092	0	0
1052.53	1453.12	0	0
ENDPOLY			
BEGPOLY			
853.715	1482.486	0	0
940.677	1485.423	0	0
ENDPOLY			
BEGPOLY			
940.143	1536.303	0	0
1030.808	1539.041	0	0
1031.993	1560.059	0	0
1033.35	1584.135	0	0
ENDPOLY			
BEGPOLY			
1031.993	1560.059	0	0
1053.654	1528.629	0	0
1072.143	1539.085	0	0
ENDPOLY			
BEGPOLY			
1053.654	1528.629	0	0
1071.531	1500.95	0	0
ENDPOLY			
BEGPOLY			
1115.8	1549.972	0	0
1221.399	1498.354	0	0
1247.7	1486.625	0	0
ENDPOLY			
BEGPOLY			
1221.399	1498.354	0	0
1174.411	1477.933	0	0
1189.839	1431.1	0	0
1222.435	1420.452	0	0
1238.523	1474.288	0	0
ENDPOLY			
BEGPOLY			
1222.435	1420.452	0	0
1213.618	1383.804	0	0
ENDPOLY			
BEGPOLY			
1418.276	1407.536	0	0
1439.33	1370.921	0	0
ENDPOLY			
BEGPOLY			
1415.1	1404.898	0	0
1380.995	1461.327	0	0
1381.285	1485.174	0	0
1393.744	1486.333	0	0
ENDPOLY			
BEGPOLY			
1381.285	1485.174	0	0
1376.622	1497.139	0	0
1362.715	1518.869	0	0
1368.316	1535.279	0	0
ENDPOLY			
BEGPOLY			
1362.715	1518.869	0	0
1345.015	1478.907	0	0
1381.285	1485.174	0	0
ENDPOLY			
BEGPOLY			
1345.015	1478.907	0	0
1324.014	1486.156	0	0
1352.974	1573.354	0	0
1344.608	1686.949	0	0
ENDPOLY			
BEGPOLY			
1324.014	1486.156	0	0
1278.486	1505.637	0	0
ENDPOLY			
BEGPOLY			
1324.014	1486.156	0	0
1306.397	1429.456	0	0
ENDPOLY			
BEGPOLY			
1266.678	1376.342	0	0
1236.514	1365.917	0	0
ENDPOLY			
BEGPOLY			
1588.481	1551.122	0	0
1534.357	1579.738	0	0
1517.842	1552.358	0	0
ENDPOLY			
BEGPOLY			
1534.357	1579.738	0	0
1557.006	1619.987	0	0
1563.658	1631.808	0	0
ENDPOLY			
BEGPOLY			
1557.006	1619.987	0	0
1615.336	1591.203	0	0
ENDPOLY			
BEGPOLY			
733.068	1265.624	0	0
770.127	1188.417	0	0
802.07	1163.97	0	0
820.437	1184.862	0	0
ENDPOLY			
BEGPOLY			
802.07	1163.97	0	0
790.614	1152.424	0	0
767.752	1129.382	0	0
ENDPOLY			
BEGPOLY			
790.614	1152.424	0	0
818.192	1129.054	0	0
ENDPOLY			
BEGPOLY			
818.192	1129.054	0	0
791.008	1094.929	0	0
ENDPOLY			
BEGPOLY			
1403.366	841.915	0	0
1386.969	897.766	0	0
1372.691	945.873	0	0
ENDPOLY			
BEGPOLY			
1046.5	843.175	0	0
1004.041	918.306	0	0
980.841	939.086	0	0
ENDPOLY			
BEGPOLY			
1303.085	1567.036	0	0
1265.392	1585.851	0	0
1198.971	1562.672	0	0
ENDPOLY			
BEGPOLY			
1339.058	1676.709	0	0
1309.314	1770.49	0	0
ENDPOLY			
BEGPOLY			
1028.718	1589.107	0	0
1063.806	1588.96	0	0
1096.71	1588.822	0	0
1107.43	1596.065	0	0
1106.63	1635.916	0	0
1105.571	1688.594	0	0
1104.256	1754.035	0	0
1083.685	1773.641	0	0
1097.882	1812.257	0	0
1100.297	1834.663	0	0
1035.691	1835.822	0	0
1027.869	1824.426	0	0
1027.396	1771.966	0	0
1026.635	1687.606	0	0
1026.604	1684.19	0	0
ENDPOLY			
BEGPOLY			
1026.635	1687.606	0	0
1067.076	1688.112	0	0
1105.571	1688.594	0	0
ENDPOLY			
BEGPOLY			
1067.076	1688.112	0	0
1062.698	1661.104	0	0
1063.02	1634.693	0	0
1106.63	1635.916	0	0
ENDPOLY			
BEGPOLY			
1063.02	1634.693	0	0
1027.699	1634.947	0	0
ENDPOLY			
BEGPOLY			
1063.02	1634.693	0	0
1063.806	1588.96	0	0
ENDPOLY			
BEGPOLY			
940.143	1536.303	0	0
939.321	1582.562	0	0
938.357	1636.804	0	0
937.517	1684.028	0	0
935.965	1750.309	0	0
935.487	1770.712	0	0
1027.396	1771.966	0	0
ENDPOLY			
BEGPOLY			
1027.396	1771.966	0	0
1083.685	1773.641	0	0
ENDPOLY			
BEGPOLY			
935.487	1770.712	0	0
910.129	1770.598	0	0
ENDPOLY			
BEGPOLY			
935.487	1770.712	0	0
927.338	1823.344	0	0
1027.808	1851.676	0	0
1049.248	1855.298	0	0
ENDPOLY			
BEGPOLY			
927.338	1823.344	0	0
921.138	1857.456	0	0
893.758	1877.561	0	0
819.268	1922.107	0	0
866.423	1992.409	0	0
ENDPOLY			
BEGPOLY			
819.268	1922.107	0	0
809.58	1908.342	0	0
782.726	1870.184	0	0
775.608	1860.071	0	0
765.902	1846.28	0	0
ENDPOLY			
BEGPOLY			
782.726	1870.184	0	0
795.859	1862.053	0	0
ENDPOLY			
BEGPOLY			
809.58	1908.342	0	0
748.846	1947.588	0	0
806.648	2031.363	0	0
ENDPOLY			
BEGPOLY			
748.846	1947.588	0	0
696.981	1914.641	0	0
725.753	1894.671	0	0
757.51	1872.631	0	0
775.608	1860.071	0	0
ENDPOLY			
BEGPOLY			
757.51	1872.631	0	0
731.572	1833.71	0	0
ENDPOLY			
BEGPOLY			
725.753	1894.671	0	0
673.958	1826.983	0	0
ENDPOLY			
BEGPOLY			
696.981	1914.641	0	0
603.722	1800.628	0	0
598.456	1830.787	0	0
596.551	1841.698	0	0
596.86	1860.694	0	0
597.43	1895.746	0	0
597.961	1928.354	0	0
598.44	1957.805	0	0
607.806	1994.826	0	0
612.473	2013.274	0	0
619.074	2039.368	0	0
625.559	2065.001	0	0
629.406	2080.207	0	0
627.601	2096.728	0	0
624.215	2127.722	0	0
621.909	2148.827	0	0
625.057	2149.347	0	0
645.151	2152.66	0	0
670.506	2156.841	0	0
683.188	2158.932	0	0
680.58	2190.875	0	0
705.005	2201.264	0	0
713.934	2205.061	0	0
749.266	2237.121	0	0
778.138	2263.32	0	0
801.908	2284.888	0	0
851.818	2330.175	0	0
864.53	2357.555	0	0
ENDPOLY			
BEGPOLY			
705.005	2201.264	0	0
740.941	2181.862	0	0
796.371	2169.597	0	0
828.043	2171.625	0	0
889.945	2179.351	0	0
936.49	2184.856	0	0
967.003	2189.589	0	0
997.999	2200.212	0	0
1022.349	2208.634	0	0
1050.204	2218.268	0	0
1082.307	2229.371	0	0
1102.003	2228.985	0	0
1103.935	2224.059	0	0
1102.616	2207.643	0	0
1093.634	2192.287	0	0
1089.288	2180.843	0	0
1087.26	2174.613	0	0
1065.266	2171.02	0	0
1032.284	2165.632	0	0
1036.485	2091.076	0	0
1017.363	2057.637	0	0
991.287	2067.633	0	0
ENDPOLY			
BEGPOLY			
1050.204	2218.268	0	0
1065.266	2171.02	0	0
ENDPOLY			
BEGPOLY			
1022.349	2208.634	0	0
1032.284	2165.632	0	0
ENDPOLY			
BEGPOLY			
997.999	2200.212	0	0
1005.623	2168.445	0	0
ENDPOLY			
BEGPOLY			
997.999	2200.212	0	0
992.322	2223.973	0	0
ENDPOLY			
BEGPOLY			
749.266	2237.121	0	0
770.106	2218.881	0	0
ENDPOLY			
BEGPOLY			
778.138	2263.32	0	0
821.379	2222.074	0	0
ENDPOLY			
BEGPOLY			
801.908	2284.888	0	0
835.322	2274.311	0	0
834.614	2254.989	0	0
ENDPOLY			
BEGPOLY			
705.005	2201.264	0	0
656.607	2200.474	0	0
647.4	2224.11	0	0
629.311	2240.084	0	0
626.993	2246.715	0	0
668.84	2246.973	0	0
ENDPOLY			
BEGPOLY			
626.993	2246.715	0	0
617.396	2266.106	0	0
629.371	2268.231	0	0
643.858	2290.057	0	0
ENDPOLY			
BEGPOLY			
617.396	2266.106	0	0
615.433	2285.226	0	0
613.111	2307.848	0	0
612.024	2332.62	0	0
609.993	2342.265	0	0
606.809	2357.392	0	0
625.112	2356.74	0	0
645.756	2342.399	0	0
688.347	2320.669	0	0
ENDPOLY			
BEGPOLY			
609.993	2342.265	0	0
598.801	2327.26	0	0
594.359	2299.885	0	0
588.064	2261.091	0	0
617.396	2266.106	0	0
ENDPOLY			
BEGPOLY			
594.359	2299.885	0	0
574.83	2303.365	0	0
576.311	2314.21	0	0
579.853	2340.153	0	0
ENDPOLY			
BEGPOLY			
574.83	2303.365	0	0
568.922	2269.168	0	0
568.759	2261.573	0	0
567.823	2217.867	0	0
520.022	2222.42	0	0
519.805	2196.996	0	0
548.271	2195.91	0	0
ENDPOLY			
BEGPOLY			
567.823	2217.867	0	0
565.474	2183.651	0	0
606.761	2191.908	0	0
588.778	2248.503	0	0
588.064	2261.091	0	0
568.759	2261.573	0	0
ENDPOLY			
BEGPOLY			
615.433	2285.226	0	0
627.877	2302.503	0	0
ENDPOLY			
BEGPOLY			
576.311	2314.21	0	0
534.135	2303.626	0	0
515.597	2326.97	0	0
538.39	2359.324	0	0
ENDPOLY			
BEGPOLY			
515.597	2326.97	0	0
497.253	2359.565	0	0
ENDPOLY			
BEGPOLY			
534.135	2303.626	0	0
542.258	2293.76	0	0
568.759	2261.573	0	0
ENDPOLY			
BEGPOLY			
542.258	2293.76	0	0
527.747	2266.905	0	0
519.66	2251.937	0	0
ENDPOLY			
BEGPOLY			
527.747	2266.905	0	0
490.783	2289.885	0	0
476.972	2269.41	0	0
ENDPOLY			
BEGPOLY			
490.783	2289.885	0	0
445.105	2319.343	0	0
426.851	2294.136	0	0
ENDPOLY			
BEGPOLY			
445.105	2319.343	0	0
423.104	2333.489	0	0
401.808	2303.936	0	0
ENDPOLY			
BEGPOLY			
423.104	2333.489	0	0
441.067	2356.813	0	0
462.218	2343.775	0	0
445.105	2319.343	0	0
ENDPOLY			
BEGPOLY			
423.104	2333.489	0	0
393.116	2353.336	0	0
380.802	2340.298	0	0
ENDPOLY			
BEGPOLY			
462.218	2343.775	0	0
472.719	2359.565	0	0
ENDPOLY			
BEGPOLY			
462.218	2343.775	0	0
542.258	2293.76	0	0
ENDPOLY			
BEGPOLY			
656.607	2200.474	0	0
664.936	2181.134	0	0
683.188	2158.932	0	0
ENDPOLY			
BEGPOLY			
625.057	2149.347	0	0
622.379	2174.261	0	0
664.936	2181.134	0	0
ENDPOLY			
BEGPOLY			
622.379	2174.261	0	0
588.592	2169.345	0	0
568.009	2166.35	0	0
565.474	2183.651	0	0
ENDPOLY			
BEGPOLY			
588.592	2169.345	0	0
591.418	2147.141	0	0
621.909	2148.827	0	0
ENDPOLY			
BEGPOLY			
591.418	2147.141	0	0
594.154	2125.055	0	0
624.215	2127.722	0	0
ENDPOLY			
BEGPOLY			
645.151	2152.66	0	0
649.298	2131.256	0	0
655.194	2100.823	0	0
627.601	2096.728	0	0
ENDPOLY			
BEGPOLY			
624.215	2127.722	0	0
649.298	2131.256	0	0
674.317	2135.131	0	0
670.506	2156.841	0	0
ENDPOLY			
BEGPOLY			
655.194	2100.823	0	0
678.373	2104.3	0	0
674.317	2135.131	0	0
ENDPOLY			
BEGPOLY			
683.188	2158.932	0	0
690.334	2151.443	0	0
691.686	2137.342	0	0
674.317	2135.131	0	0
ENDPOLY			
BEGPOLY			
691.686	2137.342	0	0
693.941	2106.866	0	0
678.373	2104.3	0	0
ENDPOLY			
BEGPOLY			
678.373	2104.3	0	0
661.914	2054.293	0	0
625.559	2065.001	0	0
ENDPOLY			
BEGPOLY			
693.941	2106.866	0	0
718.998	2087.87	0	0
738.12	2079.033	0	0
714.217	2025.747	0	0
733.439	2016.374	0	0
754.272	2006.216	0	0
765.571	2029.539	0	0
768.469	2046.608	0	0
770.207	2063.557	0	0
753.748	2071.496	0	0
738.12	2079.033	0	0
ENDPOLY			
BEGPOLY			
753.748	2071.496	0	0
733.439	2016.374	0	0
ENDPOLY			
BEGPOLY			
661.914	2054.293	0	0
714.217	2025.747	0	0
ENDPOLY			
BEGPOLY			
718.998	2087.87	0	0
715.574	2135.073	0	0
ENDPOLY			
BEGPOLY			
732.539	2128.732	0	0
733.376	2106.448	0	0
779.086	2081.01	0	0
770.207	2063.557	0	0
ENDPOLY			
BEGPOLY			
779.086	2081.01	0	0
787.751	2098.253	0	0
ENDPOLY			
BEGPOLY			
754.272	2006.216	0	0
746.622	1997.369	0	0
733.777	1983.366	0	0
722.96	1964.154	0	0
748.846	1947.588	0	0
ENDPOLY			
BEGPOLY			
722.96	1964.154	0	0
696.981	1914.641	0	0
ENDPOLY			
BEGPOLY			
696.981	1914.641	0	0
613.097	1898.72	0	0
597.43	1895.746	0	0
ENDPOLY			
BEGPOLY			
613.097	1898.72	0	0
658.273	1960.674	0	0
667.884	1960.54	0	0
680.164	1951.063	0	0
672.689	1923.565	0	0
ENDPOLY			
BEGPOLY			
680.164	1951.063	0	0
687.25	1974.476	0	0
722.96	1964.154	0	0
ENDPOLY			
BEGPOLY			
687.25	1974.476	0	0
695.235	2002.33	0	0
ENDPOLY			
BEGPOLY			
687.25	1974.476	0	0
642.153	1985.176	0	0
654.008	2026.638	0	0
661.914	2054.293	0	0
ENDPOLY			
BEGPOLY			
642.153	1985.176	0	0
631.154	1950.656	0	0
598.44	1957.805	0	0
ENDPOLY			
BEGPOLY			
642.153	1985.176	0	0
607.806	1994.826	0	0
ENDPOLY			
BEGPOLY			
654.008	2026.638	0	0
619.074	2039.368	0	0
ENDPOLY			
BEGPOLY			
594.154	2125.055	0	0
599.944	2085.121	0	0
599.276	2072.306	0	0
625.559	2065.001	0	0
ENDPOLY			
BEGPOLY			
599.276	2072.306	0	0
593.576	2046.999	0	0
619.074	2039.368	0	0
ENDPOLY			
BEGPOLY			
593.576	2046.999	0	0
587.61	2020.998	0	0
612.473	2013.274	0	0
ENDPOLY			
BEGPOLY			
587.61	2020.998	0	0
569.245	2026.262	0	0
561.54	2028.471	0	0
557.717	2029.567	0	0
557.415	2029.653	0	0
531.034	2030.525	0	0
494.675	2031.727	0	0
465.425	2032.694	0	0
433.922	2033.736	0	0
404.906	2034.695	0	0
397.438	2034.941	0	0
371.203	2035.809	0	0
350.3	2036.5	0	0
346.571	2036.623	0	0
312.096	2037.763	0	0
286.573	2038.606	0	0
257.805	2039.557	0	0
202.62	2041.381	0	0
171.144	2042.422	0	0
168.287	2042.516	0	0
167.43	1988.371	0	0
166.664	1939.987	0	0
172.573	1934.944	0	0
191.66	1918.654	0	0
216.581	1897.387	0	0
252.456	1866.77	0	0
285.602	1862.557	0	0
299.793	1860.752	0	0
341.081	1855.503	0	0
373.564	1851.374	0	0
390.416	1849.231	0	0
491.554	1836.373	0	0
541.379	1833.77	0	0
598.456	1830.787	0	0
ENDPOLY			
BEGPOLY			
596.86	1860.694	0	0
541.626	1860.901	0	0
541.379	1833.77	0	0
ENDPOLY			
BEGPOLY			
541.626	1860.901	0	0
543.628	1896.875	0	0
597.43	1895.746	0	0
ENDPOLY			
BEGPOLY			
543.628	1896.875	0	0
544.809	1928.556	0	0
597.961	1928.354	0	0
ENDPOLY			
BEGPOLY			
544.809	1928.556	0	0
545.127	1949.686	0	0
551.934	1968.307	0	0
598.44	1957.805	0	0
ENDPOLY			
BEGPOLY			
551.934	1968.307	0	0
561.946	2005.549	0	0
607.806	1994.826	0	0
ENDPOLY			
BEGPOLY			
561.946	2005.549	0	0
569.245	2026.262	0	0
ENDPOLY			
BEGPOLY			
561.946	2005.549	0	0
529.152	2007.32	0	0
531.034	2030.525	0	0
ENDPOLY			
BEGPOLY			
529.152	2007.32	0	0
524.307	1975.76	0	0
551.934	1968.307	0	0
ENDPOLY			
BEGPOLY			
544.809	1928.556	0	0
491.27	1933.516	0	0
492.275	1957.699	0	0
464.443	1962.067	0	0
443.546	1965.346	0	0
405.035	1971.389	0	0
350.223	1979.99	0	0
285.962	1990.075	0	0
249.047	1995.867	0	0
223.776	1986.557	0	0
167.43	1988.371	0	0
ENDPOLY			
BEGPOLY			
286.573	2038.606	0	0
286.213	2009.996	0	0
285.962	1990.075	0	0
ENDPOLY			
BEGPOLY			
286.213	2009.996	0	0
350.832	2007.452	0	0
350.3	2036.5	0	0
ENDPOLY			
BEGPOLY			
350.832	2007.452	0	0
405.087	1995.872	0	0
404.906	2034.695	0	0
ENDPOLY			
BEGPOLY			
405.087	1995.872	0	0
405.035	1971.389	0	0
ENDPOLY			
BEGPOLY			
443.546	1965.346	0	0
440.62	1936.194	0	0
440.576	1935.75	0	0
491.27	1933.516	0	0
ENDPOLY			
BEGPOLY			
440.576	1935.75	0	0
420.197	1936.438	0	0
ENDPOLY			
BEGPOLY			
440.576	1935.75	0	0
437.07	1907.127	0	0
419.183	1909.396	0	0
ENDPOLY			
BEGPOLY			
437.07	1907.127	0	0
491.191	1897.226	0	0
543.628	1896.875	0	0
ENDPOLY			
BEGPOLY			
561.54	2028.471	0	0
571.174	2052.804	0	0
593.576	2046.999	0	0
ENDPOLY			
BEGPOLY			
571.174	2052.804	0	0
578.177	2078.492	0	0
599.276	2072.306	0	0
ENDPOLY			
BEGPOLY			
578.177	2078.492	0	0
577.966	2080.886	0	0
575.857	2104.88	0	0
574.228	2123.414	0	0
594.154	2125.055	0	0
ENDPOLY			
BEGPOLY			
577.966	2080.886	0	0
529.699	2081.45	0	0
530.307	2058.246	0	0
531.034	2030.525	0	0
ENDPOLY			
BEGPOLY			
530.307	2058.246	0	0
571.174	2052.804	0	0
ENDPOLY			
BEGPOLY			
529.699	2081.45	0	0
529.697	2105.318	0	0
575.857	2104.88	0	0
ENDPOLY			
BEGPOLY			
529.697	2105.318	0	0
495.873	2105.784	0	0
496.807	2151.592	0	0
516.963	2151.859	0	0
518.457	2175.59	0	0
519.805	2196.996	0	0
ENDPOLY			
BEGPOLY			
519.805	2196.996	0	0
482.4	2197.396	0	0
481.206	2176	0	0
497.491	2176.133	0	0
496.807	2151.592	0	0
ENDPOLY			
BEGPOLY			
497.491	2176.133	0	0
518.457	2175.59	0	0
ENDPOLY			
BEGPOLY			
496.807	2151.592	0	0
480.223	2151.552	0	0
481.206	2176	0	0
ENDPOLY			
BEGPOLY			
520.022	2222.42	0	0
483.627	2225.524	0	0
482.4	2197.396	0	0
ENDPOLY			
BEGPOLY			
483.627	2225.524	0	0
443.668	2229.123	0	0
441.265	2199.223	0	0
482.4	2197.396	0	0
ENDPOLY			
BEGPOLY			
441.265	2199.223	0	0
440.247	2176.971	0	0
481.206	2176	0	0
ENDPOLY			
BEGPOLY			
440.247	2176.971	0	0
439.311	2153.374	0	0
480.223	2151.552	0	0
ENDPOLY			
BEGPOLY			
480.223	2151.552	0	0
479.45	2128.016	0	0
478.76	2107.002	0	0
495.873	2105.784	0	0
ENDPOLY			
BEGPOLY			
478.76	2107.002	0	0
436.125	2107.341	0	0
437.193	2128.832	0	0
479.45	2128.016	0	0
ENDPOLY			
BEGPOLY			
439.311	2153.374	0	0
437.193	2128.832	0	0
ENDPOLY			
BEGPOLY			
436.125	2107.341	0	0
435.333	2084.228	0	0
477.461	2083.457	0	0
478.76	2107.002	0	0
ENDPOLY			
BEGPOLY			
495.873	2105.784	0	0
495.544	2083.302	0	0
477.461	2083.457	0	0
ENDPOLY			
BEGPOLY			
495.544	2083.302	0	0
529.699	2081.45	0	0
ENDPOLY			
BEGPOLY			
495.544	2083.302	0	0
495.093	2059.098	0	0
530.307	2058.246	0	0
ENDPOLY			
BEGPOLY			
477.461	2083.457	0	0
476.999	2059.588	0	0
495.093	2059.098	0	0
494.483	2040.966	0	0
ENDPOLY			
BEGPOLY			
476.999	2059.588	0	0
433.774	2060.612	0	0
435.333	2084.228	0	0
397.301	2084.338	0	0
398.902	2109.455	0	0
436.125	2107.341	0	0
ENDPOLY			
BEGPOLY			
398.902	2109.455	0	0
400.063	2131.039	0	0
437.193	2128.832	0	0
ENDPOLY			
BEGPOLY			
400.063	2131.039	0	0
400.832	2155.23	0	0
439.311	2153.374	0	0
ENDPOLY			
BEGPOLY			
400.832	2155.23	0	0
402.416	2187.969	0	0
416.566	2187.568	0	0
425.509	2177.691	0	0
440.247	2176.971	0	0
ENDPOLY			
BEGPOLY			
402.416	2187.969	0	0
402.302	2201.785	0	0
441.265	2199.223	0	0
ENDPOLY			
BEGPOLY			
402.302	2201.785	0	0
402.851	2230.853	0	0
443.668	2229.123	0	0
ENDPOLY			
BEGPOLY			
402.851	2230.853	0	0
377.956	2231.261	0	0
376.829	2202.422	0	0
402.302	2201.785	0	0
ENDPOLY			
BEGPOLY			
377.956	2231.261	0	0
353.894	2231.527	0	0
354.31	2245.916	0	0
ENDPOLY			
BEGPOLY			
353.894	2231.527	0	0
319.082	2231.646	0	0
ENDPOLY			
BEGPOLY			
353.894	2231.527	0	0
352.644	2203.518	0	0
376.829	2202.422	0	0
376.337	2187.084	0	0
375.303	2154.868	0	0
400.832	2155.23	0	0
ENDPOLY			
BEGPOLY			
375.303	2154.868	0	0
374.514	2132.004	0	0
400.063	2131.039	0	0
ENDPOLY			
BEGPOLY			
374.514	2132.004	0	0
373.004	2108.865	0	0
398.902	2109.455	0	0
ENDPOLY			
BEGPOLY			
373.004	2108.865	0	0
371.872	2085.5	0	0
397.301	2084.338	0	0
397.417	2061.516	0	0
370.987	2062.317	0	0
371.872	2085.5	0	0
347.827	2086.071	0	0
348.805	2110.38	0	0
373.004	2108.865	0	0
ENDPOLY			
BEGPOLY			
348.805	2110.38	0	0
349.921	2133.02	0	0
374.514	2132.004	0	0
ENDPOLY			
BEGPOLY			
349.921	2133.02	0	0
351.167	2156.528	0	0
375.303	2154.868	0	0
ENDPOLY			
BEGPOLY			
351.167	2156.528	0	0
352.526	2187.164	0	0
352.558	2187.894	0	0
376.337	2187.084	0	0
ENDPOLY			
BEGPOLY			
352.558	2187.894	0	0
352.644	2203.518	0	0
ENDPOLY			
BEGPOLY			
352.644	2203.518	0	0
318.815	2204.43	0	0
ENDPOLY			
BEGPOLY			
352.558	2187.894	0	0
314.57	2187.615	0	0
308.632	2193.415	0	0
292.796	2270.764	0	0
285.588	2276.815	0	0
254.473	2239.089	0	0
264.217	2230.279	0	0
ENDPOLY			
BEGPOLY			
285.588	2276.815	0	0
241.476	2319.154	0	0
251.888	2347.186	0	0
261.632	2359.6	0	0
ENDPOLY			
BEGPOLY			
241.476	2319.154	0	0
210.666	2347.186	0	0
203.992	2359.466	0	0
ENDPOLY			
BEGPOLY			
254.473	2239.089	0	0
230.536	2258.286	0	0
249.891	2281.245	0	0
214.651	2287.519	0	0
ENDPOLY			
BEGPOLY			
230.536	2258.286	0	0
209.594	2275.638	0	0
ENDPOLY			
BEGPOLY			
230.536	2258.286	0	0
211.356	2233.907	0	0
199.164	2244.764	0	0
ENDPOLY			
BEGPOLY			
211.356	2233.907	0	0
211.856	2233.454	0	0
234.485	2212.94	0	0
254.473	2239.089	0	0
ENDPOLY			
BEGPOLY			
234.485	2212.94	0	0
245.446	2202.712	0	0
ENDPOLY			
BEGPOLY			
211.856	2233.454	0	0
178.976	2192.158	0	0
174.771	2125.349	0	0
203.804	2123.547	0	0
204.605	2176.407	0	0
234.485	2212.94	0	0
ENDPOLY			
BEGPOLY			
494.483	2040.966	0	0
494.675	2031.727	0	0
ENDPOLY			
BEGPOLY			
433.774	2060.612	0	0
397.417	2061.516	0	0
ENDPOLY			
BEGPOLY			
397.417	2061.516	0	0
397.438	2034.941	0	0
ENDPOLY			
BEGPOLY			
370.987	2062.317	0	0
371.203	2035.809	0	0
ENDPOLY			
BEGPOLY			
346.571	2036.623	0	0
346.664	2063.034	0	0
370.987	2062.317	0	0
ENDPOLY			
BEGPOLY			
346.664	2063.034	0	0
347.827	2086.071	0	0
ENDPOLY			
BEGPOLY			
346.664	2063.034	0	0
312.136	2064.102	0	0
313.916	2087.433	0	0
347.827	2086.071	0	0
ENDPOLY			
BEGPOLY			
313.916	2087.433	0	0
314.984	2111.727	0	0
ENDPOLY			
BEGPOLY			
312.136	2064.102	0	0
289.181	2063.855	0	0
290.783	2109.129	0	0
ENDPOLY			
BEGPOLY			
289.181	2063.855	0	0
286.573	2038.606	0	0
ENDPOLY			
BEGPOLY			
289.181	2063.855	0	0
258.168	2064.534	0	0
259.485	2099.125	0	0
261.171	2143.446	0	0
262.519	2178.862	0	0
ENDPOLY			
BEGPOLY			
261.171	2143.446	0	0
309.796	2142.618	0	0
ENDPOLY			
BEGPOLY			
261.171	2143.446	0	0
239.214	2144.806	0	0
239.807	2180.764	0	0
ENDPOLY			
BEGPOLY			
239.214	2144.806	0	0
221.18	2145.243	0	0
ENDPOLY			
BEGPOLY			
239.214	2144.806	0	0
238.157	2123.032	0	0
236.994	2099.091	0	0
259.485	2099.125	0	0
ENDPOLY			
BEGPOLY			
236.994	2099.091	0	0
235.947	2066.536	0	0
258.168	2064.534	0	0
ENDPOLY			
BEGPOLY			
258.168	2064.534	0	0
257.805	2039.557	0	0
ENDPOLY			
BEGPOLY			
235.947	2066.536	0	0
203.156	2066.934	0	0
203.29	2099.527	0	0
236.994	2099.091	0	0
ENDPOLY			
BEGPOLY			
203.29	2099.527	0	0
203.804	2123.547	0	0
ENDPOLY			
BEGPOLY			
203.804	2123.547	0	0
238.157	2123.032	0	0
ENDPOLY			
BEGPOLY			
174.771	2125.349	0	0
141.566	2125.598	0	0
142.768	2168.068	0	0
90.779	2175.41	0	0
39.111	2176.878	0	0
37.642	2251.25	0	0
28.299	2259.393	0	0
0.667	2259.659	0	0
ENDPOLY			
BEGPOLY			
39.111	2176.878	0	0
39.244	2111.514	0	0
22.425	2111.514	0	0
22.514	2147.701	0	0
ENDPOLY			
BEGPOLY			
22.425	2111.514	0	0
0.237	2111.809	0	0
ENDPOLY			
BEGPOLY			
39.244	2111.514	0	0
39.261	2098.52	0	0
60.855	2099.469	0	0
ENDPOLY			
BEGPOLY			
22.425	2111.514	0	0
22.425	2022.284	0	0
40.846	2022.685	0	0
40.646	2047.913	0	0
104.318	2048.714	0	0
106.52	2100.306	0	0
88.5	2102.308	0	0
ENDPOLY			
BEGPOLY			
104.318	2048.714	0	0
137.379	2048.748	0	0
138.821	2074.776	0	0
140.049	2096.958	0	0
106.52	2100.306	0	0
ENDPOLY			
BEGPOLY			
141.566	2125.598	0	0
140.049	2096.958	0	0
ENDPOLY			
BEGPOLY			
138.821	2074.776	0	0
171.836	2074.946	0	0
173.322	2100.472	0	0
174.771	2125.349	0	0
ENDPOLY			
BEGPOLY			
173.322	2100.472	0	0
203.29	2099.527	0	0
ENDPOLY			
BEGPOLY			
39.261	2098.52	0	0
40.646	2047.913	0	0
ENDPOLY			
BEGPOLY			
137.379	2048.748	0	0
133.55	1965.968	0	0
156.687	1942.638	0	0
166.664	1939.987	0	0
ENDPOLY			
BEGPOLY			
133.55	1965.968	0	0
107.559	1988.891	0	0
40.784	1986.827	0	0
50.795	1969.34	0	0
51.196	1957.838	0	0
44.388	1943.822	0	0
44.388	1932.72	0	0
71.333	1906.695	0	0
83.499	1894.944	0	0
114.931	1837.924	0	0
170.592	1738.925	0	0
190.715	1792.085	0	0
210.237	1805.901	0	0
235.165	1775.567	0	0
243.864	1767.109	0	0
258.333	1753.041	0	0
270.948	1761.751	0	0
307.589	1760.55	0	0
379.971	1765.656	0	0
373.564	1851.374	0	0
ENDPOLY			
BEGPOLY			
379.971	1765.656	0	0
381.684	1748.396	0	0
382.61	1739.068	0	0
ENDPOLY			
BEGPOLY			
381.684	1748.396	0	0
315.708	1728.974	0	0
288.277	1724.569	0	0
274.583	1737.59	0	0
258.333	1753.041	0	0
ENDPOLY			
BEGPOLY			
274.583	1737.59	0	0
183.13	1717.153	0	0
170.592	1738.925	0	0
ENDPOLY			
BEGPOLY			
170.592	1738.925	0	0
109.924	1588.796	0	0
3.154	1611.321	0	0
ENDPOLY			
BEGPOLY			
109.924	1588.796	0	0
270.175	1559.617	0	0
325.91	1549.468	0	0
327.868	1563.873	0	0
330.114	1580.403	0	0
354.46	1604.082	0	0
373.964	1623.051	0	0
389.376	1629.298	0	0
423.862	1643.274	0	0
456.325	1644.875	0	0
492.028	1646.636	0	0
546.351	1649.315	0	0
582.183	1651.083	0	0
583.299	1697.371	0	0
583.401	1701.617	0	0
583.772	1716.972	0	0
584.285	1738.281	0	0
610.114	1775.222	0	0
603.722	1800.628	0	0
ENDPOLY			
BEGPOLY			
350.832	2007.452	0	0
350.223	1979.99	0	0
ENDPOLY			
BEGPOLY			
312.136	2064.102	0	0
312.096	2037.763	0	0
ENDPOLY			
BEGPOLY			
203.156	2066.934	0	0
202.62	2041.381	0	0
ENDPOLY			
BEGPOLY			
171.836	2074.946	0	0
171.263	2048.011	0	0
171.144	2042.422	0	0
ENDPOLY			
BEGPOLY			
137.379	2048.748	0	0
171.263	2048.011	0	0
ENDPOLY			
BEGPOLY			
433.774	2060.612	0	0
433.922	2033.736	0	0
ENDPOLY			
BEGPOLY			
568.009	2166.35	0	0
571.08	2145.152	0	0
574.228	2123.414	0	0
ENDPOLY			
BEGPOLY			
591.418	2147.141	0	0
571.08	2145.152	0	0
ENDPOLY			
BEGPOLY			
606.761	2191.908	0	0
656.607	2200.474	0	0
ENDPOLY			
BEGPOLY			
433.922	2033.736	0	0
433.945	2010.66	0	0
432.274	2010.685	0	0
410.007	2011.016	0	0
ENDPOLY			
BEGPOLY			
433.945	2010.66	0	0
465.334	2010.037	0	0
465.425	2032.694	0	0
ENDPOLY			
BEGPOLY			
465.334	2010.037	0	0
494.611	2009.445	0	0
494.675	2031.727	0	0
ENDPOLY			
BEGPOLY			
494.611	2009.445	0	0
529.152	2007.32	0	0
ENDPOLY			
BEGPOLY			
494.611	2009.445	0	0
493.3	1980.404	0	0
492.275	1957.699	0	0
ENDPOLY			
BEGPOLY			
464.443	1962.067	0	0
464.813	1981.971	0	0
465.334	2010.037	0	0
ENDPOLY			
BEGPOLY			
464.813	1981.971	0	0
493.3	1980.404	0	0
ENDPOLY			
BEGPOLY			
464.813	1981.971	0	0
431.978	1984.457	0	0
432.274	2010.685	0	0
ENDPOLY			
BEGPOLY			
390.416	1849.231	0	0
402.677	1934.633	0	0
ENDPOLY			
BEGPOLY			
341.081	1855.503	0	0
351.117	1884.625	0	0
ENDPOLY			
BEGPOLY			
299.793	1860.752	0	0
319.214	1915.41	0	0
ENDPOLY			
BEGPOLY			
285.602	1862.557	0	0
210.237	1805.901	0	0
ENDPOLY			
BEGPOLY			
210.237	1805.901	0	0
183.775	1853.845	0	0
172.962	1866.459	0	0
123.707	1891.687	0	0
71.333	1906.695	0	0
ENDPOLY			
BEGPOLY			
40.846	2022.685	0	0
40.784	1986.827	0	0
ENDPOLY			
BEGPOLY			
40.784	1986.827	0	0
22.837	1986.046	0	0
1.001	1985.097	0	0
ENDPOLY			
BEGPOLY			
22.425	2022.284	0	0
22.837	1986.046	0	0
ENDPOLY			
BEGPOLY			
22.425	2022.284	0	0
1.068	2021.95	0	0
ENDPOLY			
BEGPOLY			
935.965	1750.309	0	0
896.149	1750.582	0	0
892.145	1766.333	0	0
870.057	1763.129	0	0
879.133	1733.095	0	0
850.301	1721.482	0	0
841.758	1758.724	0	0
812.258	1754.186	0	0
821.468	1717.588	0	0
774.686	1707.978	0	0
770.014	1744.953	0	0
720.828	1731.604	0	0
704.81	1775.543	0	0
765.679	1789.559	0	0
ENDPOLY			
BEGPOLY			
704.81	1775.543	0	0
699.387	1791.105	0	0
ENDPOLY			
BEGPOLY			
841.758	1758.724	0	0
870.057	1763.129	0	0
ENDPOLY			
BEGPOLY			
879.133	1733.095	0	0
897.501	1739.851	0	0
896.149	1750.582	0	0
ENDPOLY			
BEGPOLY			
850.301	1721.482	0	0
821.468	1717.588	0	0
ENDPOLY			
BEGPOLY			
850.301	1721.482	0	0
851.578	1716.177	0	0
851.118	1683.871	0	0
ENDPOLY			
BEGPOLY			
774.686	1707.978	0	0
755.98	1704.562	0	0
736.669	1683.663	0	0
ENDPOLY			
BEGPOLY			
749.207	1683.685	0	0
748.974	1624.779	0	0
748.79	1578.36	0	0
717.847	1576.704	0	0
ENDPOLY			
BEGPOLY			
748.79	1578.36	0	0
852.733	1580.652	0	0
939.321	1582.562	0	0
1028.807	1585.145	0	0
ENDPOLY			
BEGPOLY			
852.733	1580.652	0	0
852.638	1606.854	0	0
872.992	1607.565	0	0
894.099	1622.461	0	0
893.119	1683.947	0	0
ENDPOLY			
BEGPOLY			
894.099	1622.461	0	0
916.294	1636.44	0	0
938.357	1636.804	0	0
1027.699	1634.947	0	0
ENDPOLY			
BEGPOLY			
812.258	1754.186	0	0
808.988	1766.606	0	0
ENDPOLY			
BEGPOLY			
812.258	1754.186	0	0
770.014	1744.953	0	0
ENDPOLY			
BEGPOLY			
704.81	1775.543	0	0
701.264	1774.531	0	0
690.23	1776.578	0	0
657.337	1769.268	0	0
613.708	1759.571	0	0
610.114	1775.222	0	0
ENDPOLY			
BEGPOLY			
657.337	1769.268	0	0
673.68	1716.292	0	0
685.921	1676.611	0	0
719.155	1683.631	0	0
720.828	1731.604	0	0
673.68	1716.292	0	0
633.444	1705.337	0	0
613.708	1759.571	0	0
ENDPOLY			
BEGPOLY			
633.444	1705.337	0	0
583.401	1701.617	0	0
ENDPOLY			
BEGPOLY			
582.183	1651.083	0	0
644.677	1667.612	0	0
633.444	1705.337	0	0
ENDPOLY			
BEGPOLY			
644.677	1667.612	0	0
685.921	1676.611	0	0
ENDPOLY			
BEGPOLY			
644.677	1667.612	0	0
659.875	1623.628	0	0
ENDPOLY			
BEGPOLY			
659.875	1623.628	0	0
718.448	1625.846	0	0
748.974	1624.779	0	0
ENDPOLY			
BEGPOLY			
582.183	1651.083	0	0
584.173	1604.606	0	0
571.897	1604.702	0	0
530.279	1605.027	0	0
456.325	1644.875	0	0
ENDPOLY			
BEGPOLY			
530.279	1605.027	0	0
520.588	1583.703	0	0
506.508	1552.721	0	0
486.472	1508.634	0	0
464.193	1459.612	0	0
484.89	1447.171	0	0
ENDPOLY			
BEGPOLY			
571.897	1604.702	0	0
569.218	1563.419	0	0
520.588	1583.703	0	0
ENDPOLY			
BEGPOLY			
569.218	1563.419	0	0
590.776	1534.068	0	0
617.203	1556.205	0	0
649.749	1571.444	0	0
674.117	1574.233	0	0
695.77	1476.026	0	0
ENDPOLY			
BEGPOLY			
851.118	1683.871	0	0
852.043	1637.018	0	0
852.638	1606.854	0	0
812.482	1606.333	0	0
789.604	1602.035	0	0
ENDPOLY			
BEGPOLY			
852.043	1637.018	0	0
825.122	1636.857	0	0
781.459	1615.677	0	0
ENDPOLY			
BEGPOLY			
649.257	1447.259	0	0
589.686	1529.343	0	0
590.776	1534.068	0	0
ENDPOLY			
BEGPOLY			
589.686	1529.343	0	0
569.35	1529.321	0	0
562.066	1509.649	0	0
554.133	1446.614	0	0
542.807	1437.788	0	0
ENDPOLY			
BEGPOLY			
569.35	1529.321	0	0
506.508	1552.721	0	0
461.089	1575.066	0	0
456.978	1635.311	0	0
456.325	1644.875	0	0
ENDPOLY			
BEGPOLY			
456.978	1635.311	0	0
428.57	1591.922	0	0
395.11	1611.855	0	0
389.376	1629.298	0	0
376.066	1661.541	0	0
381.331	1663.889	0	0
431.951	1686.458	0	0
450.663	1654.535	0	0
456.325	1644.875	0	0
ENDPOLY			
BEGPOLY			
450.663	1654.535	0	0
481.852	1691.162	0	0
506.413	1694.366	0	0
545.657	1695.968	0	0
546.351	1649.315	0	0
ENDPOLY			
BEGPOLY			
545.657	1695.968	0	0
583.299	1697.371	0	0
ENDPOLY			
BEGPOLY			
545.657	1695.968	0	0
545.043	1716.616	0	0
583.772	1716.972	0	0
ENDPOLY			
BEGPOLY			
545.043	1716.616	0	0
544.112	1747.296	0	0
ENDPOLY			
BEGPOLY			
545.043	1716.616	0	0
504.401	1715.051	0	0
502.941	1751.955	0	0
ENDPOLY			
BEGPOLY			
504.401	1715.051	0	0
484.799	1720.041	0	0
448.339	1716.572	0	0
ENDPOLY			
BEGPOLY			
504.401	1715.051	0	0
506.413	1694.366	0	0
ENDPOLY			
BEGPOLY			
484.984	1691.571	0	0
492.028	1646.636	0	0
ENDPOLY			
BEGPOLY			
506.201	1416.649	0	0
479.726	1401.273	0	0
474.921	1406.212	0	0
426.844	1409.17	0	0
385.957	1411.685	0	0
365.738	1389.393	0	0
365.679	1375.489	0	0
365.604	1357.735	0	0
ENDPOLY			
BEGPOLY			
365.679	1375.489	0	0
335.774	1351.995	0	0
315.484	1346.389	0	0
280.244	1354.531	0	0
288.12	1398.581	0	0
ENDPOLY			
BEGPOLY			
280.244	1354.531	0	0
276.504	1332.808	0	0
ENDPOLY			
BEGPOLY			
280.244	1354.531	0	0
246.078	1363.479	0	0
249.949	1392.468	0	0
263.164	1390.465	0	0
ENDPOLY			
BEGPOLY			
246.078	1363.479	0	0
209.35	1364.554	0	0
206.425	1344.387	0	0
168.077	1354.037	0	0
159.868	1334.415	0	0
ENDPOLY			
BEGPOLY			
168.077	1354.037	0	0
127.055	1360.012	0	0
124.131	1359.427	0	0
98.8	1354.358	0	0
84.48	1351.492	0	0
75.986	1349.792	0	0
82.293	1455.311	0	0
ENDPOLY			
BEGPOLY			
98.8	1354.358	0	0
102.034	1417.991	0	0
94.826	1440.016	0	0
ENDPOLY			
BEGPOLY			
102.034	1417.991	0	0
124.759	1410.039	0	0
124.131	1359.427	0	0
ENDPOLY			
BEGPOLY			
84.48	1351.492	0	0
82.581	1315.217	0	0
81.292	1290.594	0	0
ENDPOLY			
BEGPOLY			
82.581	1315.217	0	0
224.348	1340.05	0	0
206.425	1344.387	0	0
ENDPOLY			
BEGPOLY			
224.348	1340.05	0	0
243.694	1331.787	0	0
244.762	1315.22	0	0
191.279	1298.757	0	0
ENDPOLY			
BEGPOLY			
244.762	1315.22	0	0
266.898	1314.421	0	0
266.987	1296.356	0	0
ENDPOLY			
BEGPOLY			
426.844	1409.17	0	0
429.91	1434.618	0	0
456.421	1430.707	0	0
464.193	1459.612	0	0
ENDPOLY			
BEGPOLY			
456.421	1430.707	0	0
478.296	1427.664	0	0
484.89	1447.171	0	0
ENDPOLY			
BEGPOLY			
478.296	1427.664	0	0
474.921	1406.212	0	0
ENDPOLY			
BEGPOLY			
429.91	1434.618	0	0
435.313	1470.327	0	0
464.193	1459.612	0	0
ENDPOLY			
BEGPOLY			
435.313	1470.327	0	0
457.047	1520.428	0	0
486.472	1508.634	0	0
ENDPOLY			
BEGPOLY			
457.047	1520.428	0	0
443.114	1527.286	0	0
404.434	1554.955	0	0
374.924	1508.017	0	0
350.238	1528.894	0	0
325.91	1549.468	0	0
ENDPOLY			
BEGPOLY			
374.924	1508.017	0	0
375.009	1507.948	0	0
409.631	1480	0	0
435.313	1470.327	0	0
ENDPOLY			
BEGPOLY			
374.924	1508.017	0	0
357.199	1482.503	0	0
360.024	1444.693	0	0
429.91	1434.618	0	0
ENDPOLY			
BEGPOLY			
360.024	1444.693	0	0
227.557	1452.943	0	0
151.65	1457.67	0	0
151.722	1439.124	0	0
151.793	1420.535	0	0
151.849	1406.107	0	0
249.949	1392.468	0	0
250.344	1405.26	0	0
151.793	1420.535	0	0
ENDPOLY			
BEGPOLY			
227.557	1452.943	0	0
211.692	1437.486	0	0
212.996	1417.06	0	0
ENDPOLY			
BEGPOLY			
227.557	1452.943	0	0
227.01	1472.417	0	0
ENDPOLY			
BEGPOLY			
183.13	1717.153	0	0
200.762	1685.352	0	0
285.263	1702.083	0	0
315.25	1635.806	0	0
376.066	1661.541	0	0
ENDPOLY			
BEGPOLY			
315.25	1635.806	0	0
264.52	1613.775	0	0
ENDPOLY			
BEGPOLY			
381.331	1663.889	0	0
359.778	1716.031	0	0
409.323	1725.592	0	0
431.951	1686.458	0	0
ENDPOLY			
BEGPOLY			
359.778	1716.031	0	0
285.263	1702.083	0	0
ENDPOLY			
BEGPOLY			
428.57	1591.922	0	0
461.089	1575.066	0	0
ENDPOLY			
BEGPOLY			
428.57	1591.922	0	0
404.434	1554.955	0	0
380.536	1570.727	0	0
350.238	1528.894	0	0
ENDPOLY			
BEGPOLY			
395.11	1611.855	0	0
389.983	1600.945	0	0
389.489	1599.893	0	0
389.065	1598.991	0	0
377.929	1575.29	0	0
327.868	1563.873	0	0
ENDPOLY			
BEGPOLY			
377.929	1575.29	0	0
380.536	1570.727	0	0
ENDPOLY			
BEGPOLY			
389.983	1600.945	0	0
354.46	1604.082	0	0
ENDPOLY			
BEGPOLY			
75.986	1349.792	0	0
53.369	1337.458	0	0
52.587	1279.22	0	0
ENDPOLY			
BEGPOLY			
264.765	1283.226	0	0
263.661	1268.63	0	0
262.083	1247.758	0	0
260.792	1230.678	0	0
ENDPOLY			
BEGPOLY			
263.661	1268.63	0	0
220.734	1269.406	0	0
ENDPOLY			
BEGPOLY			
263.661	1268.63	0	0
306.809	1268.293	0	0
292.501	1289.438	0	0
ENDPOLY			
BEGPOLY			
306.809	1268.293	0	0
305.911	1242.816	0	0
262.083	1247.758	0	0
ENDPOLY			
BEGPOLY			
262.083	1247.758	0	0
236.713	1251.393	0	0
196.227	1253.929	0	0
196.903	1263.973	0	0
ENDPOLY			
BEGPOLY			
196.227	1253.929	0	0
195.819	1244.263	0	0
ENDPOLY			
BEGPOLY			
196.227	1253.929	0	0
151.568	1256.324	0	0
103.001	1259.257	0	0
41.07	1267.406	0	0
0.978	1262.741	0	0
ENDPOLY			
BEGPOLY			
305.911	1242.816	0	0
324.868	1235.596	0	0
364.38	1220.548	0	0
390.673	1204.468	0	0
403.711	1202.295	0	0
443.551	1210.765	0	0
506.211	1224.088	0	0
500.67	1251.142	0	0
461.666	1242.996	0	0
436.773	1237.796	0	0
443.551	1210.765	0	0
ENDPOLY			
BEGPOLY			
461.666	1242.996	0	0
448.212	1295.57	0	0
ENDPOLY			
BEGPOLY			
436.773	1237.796	0	0
423.56	1289.746	0	0
432.47	1304.522	0	0
ENDPOLY			
BEGPOLY			
423.56	1289.746	0	0
381.258	1225.608	0	0
364.38	1220.548	0	0
ENDPOLY			
BEGPOLY			
381.258	1225.608	0	0
436.773	1237.796	0	0
ENDPOLY			
BEGPOLY			
513.993	1261.7	0	0
499.311	1271.456	0	0
499.904	1292.932	0	0
507.885	1311.328	0	0
521.768	1330.016	0	0
546.235	1303.698	0	0
ENDPOLY			
BEGPOLY			
521.768	1330.016	0	0
505.922	1348.361	0	0
495.831	1370.171	0	0
479.726	1401.273	0	0
ENDPOLY			
BEGPOLY			
209.35	1364.554	0	0
138.575	1369.447	0	0
ENDPOLY			
BEGPOLY			
151.722	1439.124	0	0
128.235	1439.263	0	0
128.502	1471.032	0	0
103.674	1470.765	0	0
0.178	1517.127	0	0
ENDPOLY			
BEGPOLY			
324.868	1235.596	0	0
354.122	1274.493	0	0
313.424	1300.238	0	0
ENDPOLY			
BEGPOLY			
354.122	1274.493	0	0
363.605	1287.675	0	0
ENDPOLY			
BEGPOLY			
243.864	1767.109	0	0
257.578	1781.774	0	0
ENDPOLY			
BEGPOLY			
172.573	1934.944	0	0
125.735	1907.272	0	0
103.72	1914.273	0	0
ENDPOLY			
BEGPOLY			
191.66	1918.654	0	0
158.391	1899.387	0	0
ENDPOLY			
BEGPOLY			
216.581	1897.387	0	0
193.809	1881.233	0	0
ENDPOLY			
BEGPOLY			
200.762	1685.352	0	0
217.727	1659.514	0	0
236.949	1627.878	0	0
270.175	1559.617	0	0
ENDPOLY			
BEGPOLY			
270.175	1559.617	0	0
295.628	1575.582	0	0
354.46	1604.082	0	0
ENDPOLY			
BEGPOLY			
852.733	1580.652	0	0
853.315	1534.167	0	0
ENDPOLY			
BEGPOLY			
1380.995	1461.327	0	0
1363.582	1407.395	0	0
ENDPOLY			
